Population	Parent	Identity	DriverMutations	MigrationMutations	Immortal	PassengerMutations	BirthRate	MigrationRate	OriginTime	AlleleCount
733	0	0	0	0	1	0	1.000000	1.000000	0.000000	1000
1	0	1	1	0	1	0	1.014578	1.000000	2.976855	1
0	0	2	1	0	1	0	1.110414	1.000000	5.908935	1
0	0	5	1	0	1	0	1.076035	1.000000	9.689194	1
1	0	6	1	0	0	0	1.072363	1.000000	10.181839	1
1	0	7	1	0	0	0	1.003895	1.000000	11.446278	1
1	0	8	1	0	0	0	1.229690	1.000000	11.632547	1
0	0	10	1	0	1	0	1.119613	1.000000	12.142488	1
1	2	12	2	0	1	1	1.418427	1.000000	12.634185	1
1	0	13	1	0	0	0	1.126606	1.000000	13.194400	1
1	0	15	1	0	0	1	1.193050	1.000000	13.356507	1
0	0	17	1	0	1	0	1.284535	1.000000	13.767535	1
0	17	18	2	0	1	0	1.371452	1.000000	13.834268	1
4	0	20	1	0	1	0	1.030959	1.000000	14.117368	4
55	0	21	1	0	1	0	1.268862	1.000000	14.175567	62
0	0	24	1	0	1	0	1.108172	1.000000	15.758849	1
1	18	26	3	0	0	0	1.469560	1.000000	15.944626	1
1	0	29	1	0	0	0	1.083169	1.000000	16.188137	1
1	0	34	1	0	0	1	1.019686	1.000000	17.180374	1
2	0	35	1	0	0	0	1.061457	1.000000	17.212431	2
0	0	36	1	0	1	0	1.283996	1.000000	17.249281	1
1	0	38	1	0	0	0	1.320535	1.000000	17.378231	1
1	0	39	1	0	1	0	1.195405	1.000000	17.424551	1
1	0	41	1	0	0	0	1.024029	1.000000	17.688194	1
1	0	42	1	0	0	0	1.120702	1.000000	18.079622	1
1	0	44	1	0	0	0	1.003330	1.000000	18.122362	1
1	0	46	1	0	0	0	1.049599	1.000000	18.160501	1
1	21	48	2	0	0	0	1.430552	1.000000	18.437010	1
1	0	49	1	0	0	0	1.137217	1.000000	18.542042	1
3	0	50	1	0	0	0	1.003059	1.000000	18.624071	3
1	24	53	2	0	1	0	1.224324	1.000000	18.900696	1
60	0	54	1	0	1	0	1.383612	1.000000	19.140926	70
1	0	55	1	0	0	0	1.146173	1.000000	19.163071	1
1	0	56	1	0	0	0	1.025823	1.000000	19.217443	1
1	0	58	1	0	0	0	1.244679	1.000000	19.417986	1
1	0	59	1	0	0	0	1.250614	1.000000	19.685190	1
1	0	61	1	0	1	0	1.340086	1.000000	19.807295	1
1	0	62	1	0	0	0	1.105947	1.000000	19.870411	1
1	0	63	1	0	0	0	1.090827	1.000000	19.896629	1
1	0	65	1	0	0	0	1.018019	1.000000	20.026022	1
1	0	66	1	0	0	0	1.013306	1.000000	20.050257	1
1	0	70	1	0	0	0	1.193557	1.000000	20.484291	1
1	0	73	1	0	0	0	1.085359	1.000000	20.554728	1
1	0	74	1	0	0	0	1.040237	1.000000	20.567600	1
1	0	80	1	0	0	0	1.014568	1.000000	21.137739	1
1	0	78	1	0	0	0	1.124123	1.000000	20.882820	1
1	0	81	1	0	0	0	1.252439	1.000000	21.329782	1
1	5	82	2	0	0	0	1.082248	1.000000	21.439203	1
1	0	85	1	0	0	0	1.129768	1.000000	21.807461	1
1	0	86	1	0	0	0	1.032225	1.000000	21.995907	1
1	0	91	1	0	0	0	1.112295	1.000000	22.509207	1
1	0	92	1	0	0	1	1.033351	1.000000	22.607033	1
1	0	93	1	0	0	0	1.027957	1.000000	22.673933	1
1	0	94	1	0	0	0	1.118237	1.000000	23.003105	1
1	0	95	1	0	0	1	1.000770	1.000000	23.010626	1
1	0	97	1	0	0	0	1.121654	1.000000	23.472187	1
1	0	98	1	0	0	0	1.088823	1.000000	23.559563	1
1	0	99	1	0	0	0	1.272890	1.000000	23.598877	1
1	0	105	1	0	0	0	1.021617	1.000000	23.836159	1
21	0	102	1	0	1	0	1.013969	1.000000	23.650461	22
3	21	104	2	0	0	0	1.284807	1.000000	23.780512	3
1	0	106	1	0	0	0	1.074431	1.000000	23.838236	1
1	0	111	1	0	0	1	1.065509	1.000000	24.156870	1
9	54	110	2	0	1	0	1.455147	1.000000	23.937012	9
6	0	112	1	0	0	0	1.128709	1.000000	24.406361	6
1	0	113	1	0	0	0	1.069848	1.000000	24.495373	1
1	0	115	1	0	0	2	1.149478	1.000000	24.798922	1
1	0	116	1	0	0	0	1.029342	1.000000	24.992498	1
1	0	117	1	0	0	0	1.040931	1.000000	24.996185	1
1	0	118	1	0	0	0	1.027818	1.000000	25.018629	1
1	0	119	1	0	0	0	1.001516	1.000000	25.119892	1
1	0	121	1	0	0	0	1.013905	1.000000	25.397457	1
1	0	122	1	0	0	0	1.024801	1.000000	25.460947	1
0	0	125	1	0	1	0	1.037863	1.000000	25.572321	1
1	0	126	1	0	0	0	1.063726	1.000000	25.604303	1
1	0	129	1	0	0	0	1.107598	1.000000	25.761971	1
1	0	128	1	0	0	0	1.146118	1.000000	25.734877	1
1	0	130	1	0	0	0	1.006013	1.000000	25.797731	1
1	0	132	2	0	0	0	1.060482	1.000000	25.958370	1
1	0	133	1	0	0	0	1.008980	1.000000	26.027155	1
1	21	135	2	0	0	0	1.493084	1.000000	26.174603	1
1	0	136	1	0	0	0	1.095846	1.000000	26.244652	1
1	0	137	1	0	0	0	1.105466	1.000000	26.253988	1
1	0	138	1	0	0	0	1.033883	1.000000	26.340557	1
1	0	139	1	0	0	0	1.018982	1.000000	26.348345	1
1	0	140	1	0	0	0	1.053581	1.000000	26.361666	1
1	0	141	1	0	0	0	1.041302	1.000000	26.367424	1
1	0	144	1	0	1	0	1.149032	1.000000	26.637335	2
1	0	147	1	0	0	0	1.022243	1.000000	26.959167	1
1	0	157	1	0	0	0	1.002821	1.000000	27.813013	1
1	0	153	1	0	0	0	1.013474	1.000000	27.166168	1
2	0	158	1	0	0	0	1.217627	1.000000	27.841148	2
1	125	159	2	0	0	0	1.159368	1.000000	27.957661	1
1	0	161	1	0	0	0	1.104226	1.000000	28.011526	1
0	54	162	2	0	1	0	1.515853	1.000000	28.018509	1
1	10	163	2	0	0	0	1.336902	1.000000	28.086073	1
1	0	166	1	0	0	1	1.078021	1.000000	28.147976	1
1	0	167	1	0	0	1	1.034979	1.000000	28.227196	1
1	0	170	1	0	0	0	1.061154	1.000000	28.478123	1
2	0	174	1	0	0	0	1.034126	1.000000	28.577641	2
1	0	173	1	0	0	0	1.017373	1.000000	28.515326	1
1	0	175	1	0	0	0	1.031538	1.000000	28.843834	1
1	0	179	1	0	0	0	1.117087	1.000000	29.074192	1
1	21	177	2	0	0	0	1.405935	1.000000	28.863108	1
1	0	182	1	0	0	1	1.007565	1.000000	29.136337	1
1	0	185	1	0	0	0	1.025533	1.000000	29.281157	1
1	0	187	1	0	0	0	1.015789	1.000000	29.346209	1
1	0	189	1	0	1	0	1.188358	1.000000	29.475958	1
1	0	193	1	0	0	0	1.037533	1.000000	29.542021	1
1	0	196	1	0	0	0	1.072942	1.000000	29.641273	1
1	21	197	2	0	0	0	1.631444	1.000000	29.656263	1
1	144	202	2	0	0	0	1.238676	1.000000	29.781256	1
1	0	201	1	0	0	0	1.008630	1.000000	29.780561	1
1	0	203	1	0	0	0	1.131280	1.000000	29.799444	1
1	0	204	1	0	0	0	1.143814	1.000000	29.883549	1
1	0	206	1	0	0	0	1.174427	1.000000	30.210213	1
1	36	208	2	0	0	0	1.295659	1.000000	30.235928	1
1	0	209	1	0	0	0	1.004720	1.000000	30.266756	1
1	0	210	1	0	0	0	1.069907	1.000000	30.352400	1
1	102	211	2	0	0	0	1.176986	1.000000	30.393982	1
1	162	212	3	0	0	0	1.911936	1.000000	30.396610	1
0	0	213	1	0	0	0	1.003748	1.000000	30.431599	0
