Population	Parent	Identity	DriverMutations	MigrationMutations	Immortal	PassengerMutations	BirthRate	MigrationRate	OriginTime	AlleleCount
9	0	0	0	0	1	0	1.000000	1.000000	0.000000	1000
0	0	1	0	0	1	1	1.000000	1.000000	0.282667	2
3	0	2	0	0	1	1	1.000000	1.000000	0.676268	207
0	0	3	0	0	1	1	1.000000	1.000000	1.017110	2
0	0	4	0	0	1	1	1.000000	1.000000	1.094483	1
0	2	5	0	0	1	2	1.000000	1.000000	1.340034	1
0	0	7	0	0	1	1	1.000000	1.000000	1.656099	1
0	4	8	0	0	1	2	1.000000	1.000000	2.502808	1
1	0	9	1	0	1	0	1.014578	1.000000	2.976855	1
0	0	10	0	0	1	1	1.000000	1.000000	3.099219	3
0	1	11	0	0	1	2	1.000000	1.000000	3.324278	2
0	0	12	0	0	1	2	1.000000	1.000000	3.566012	1
3	0	13	0	0	1	1	1.000000	1.000000	3.884452	10
8	0	16	0	0	1	1	1.000000	1.000000	4.307105	35
0	0	18	0	0	1	1	1.000000	1.000000	4.978503	1
0	0	20	0	0	1	1	1.000000	1.000000	5.309882	1
0	0	24	0	0	1	1	1.000000	1.000000	5.513598	1
4	0	22	0	0	1	1	1.000000	1.000000	5.327914	209
9	0	23	0	0	1	1	1.000000	1.000000	5.328067	53
0	2	25	0	0	1	2	1.000000	1.000000	5.539694	1
0	3	26	0	0	1	2	1.000000	1.000000	5.572798	1
0	10	28	1	0	1	1	1.110414	1.000000	5.908935	1
0	0	31	0	0	1	1	1.000000	1.000000	5.986372	1
0	0	30	0	0	1	1	1.000000	1.000000	5.916688	1
0	22	32	0	0	1	2	1.000000	1.000000	6.041555	1
0	13	33	0	0	1	3	1.000000	1.000000	6.191642	1
0	13	34	0	0	1	3	1.000000	1.000000	6.191642	1
4	2	36	0	0	1	2	1.000000	1.000000	6.446658	190
0	2	37	0	0	1	2	1.000000	1.000000	6.446658	1
0	0	39	0	0	1	1	1.000000	1.000000	6.649071	68
0	33	41	0	0	1	4	1.000000	1.000000	6.710856	1
1	0	42	0	0	1	1	1.000000	1.000000	6.941025	3
0	0	43	0	0	1	1	1.000000	1.000000	7.026034	1
0	16	44	0	0	1	2	1.000000	1.000000	7.059960	2
0	0	45	0	0	1	1	1.000000	1.000000	7.063498	1
0	39	50	0	0	1	2	1.000000	1.000000	7.459554	1
0	0	49	0	0	1	1	1.000000	1.000000	7.242252	1
0	2	51	0	0	1	2	1.000000	1.000000	7.653743	1
0	45	52	0	0	1	2	1.000000	1.000000	7.680665	1
0	20	53	0	0	1	3	1.000000	1.000000	7.707149	1
1	26	54	0	0	1	3	1.000000	1.000000	7.829343	1
0	3	55	0	0	1	2	1.000000	1.000000	7.862416	1
0	0	56	0	0	1	1	1.000000	1.000000	7.914514	1
0	36	58	0	0	1	3	1.000000	1.000000	7.981649	9
1	39	59	0	0	1	2	1.000000	1.000000	7.982359	58
0	32	61	0	0	1	3	1.000000	1.000000	8.029702	1
1	61	62	0	0	1	4	1.000000	1.000000	8.265624	1
0	36	64	0	0	1	3	1.000000	1.000000	8.517979	1
0	42	69	0	0	1	2	1.000000	1.000000	8.855798	1
0	51	71	0	0	1	3	1.000000	1.000000	9.005744	1
1	69	72	0	0	0	3	1.000000	1.000000	9.041306	1
0	71	76	0	0	1	4	1.000000	1.000000	9.181208	1
0	11	77	0	0	1	3	1.000000	1.000000	9.425081	1
7	22	79	0	0	1	2	1.000000	1.000000	9.513576	111
0	5	82	1	0	1	2	1.076035	1.000000	9.689194	1
1	22	83	0	0	0	2	1.000000	1.000000	9.697229	1
3	0	84	0	0	1	1	1.000000	1.000000	9.741427	117
1	22	85	0	0	1	2	1.000000	1.000000	9.758266	1
1	44	87	0	0	1	3	1.000000	1.000000	9.883843	1
0	24	89	0	0	1	2	1.000000	1.000000	9.915278	1
0	36	90	0	0	1	3	1.000000	1.000000	9.975946	1
0	36	92	0	0	1	3	1.000000	1.000000	10.111238	1
0	39	93	0	0	1	2	1.000000	1.000000	10.117481	1
1	58	96	0	0	1	4	1.000000	1.000000	10.173314	7
0	58	99	0	0	1	4	1.000000	1.000000	10.268600	1
0	42	98	1	0	1	1	1.072363	1.000000	10.181839	1
0	39	103	0	0	1	2	1.000000	1.000000	10.393426	2
0	36	106	0	0	1	3	1.000000	1.000000	10.443302	28
0	2	108	0	0	1	2	1.000000	1.000000	10.497392	1
0	0	110	0	0	1	1	1.000000	1.000000	10.553270	1
0	31	111	0	0	1	2	1.000000	1.000000	10.563171	1
1	44	114	0	0	1	3	1.000000	1.000000	10.658948	1
0	36	115	0	0	1	3	1.000000	1.000000	10.679291	1
0	12	116	0	0	1	3	1.000000	1.000000	10.723415	1
1	103	117	0	0	1	3	1.000000	1.000000	10.774600	1
0	0	118	0	0	1	1	1.000000	1.000000	10.791597	1
1	0	119	0	0	1	1	1.000000	1.000000	10.888084	1
0	39	120	0	0	1	2	1.000000	1.000000	10.892874	1
0	36	122	0	0	1	3	1.000000	1.000000	10.967877	1
2	106	123	0	0	1	4	1.000000	1.000000	10.968588	26
0	36	124	0	0	1	3	1.000000	1.000000	10.983157	2
0	56	125	0	0	1	2	1.000000	1.000000	11.014778	1
0	0	128	0	0	1	1	1.000000	1.000000	11.133200	1
0	13	130	0	0	1	2	1.000000	1.000000	11.180034	1
0	0	132	0	0	1	1	1.000000	1.000000	11.250136	1
1	0	133	0	0	0	1	1.000000	1.000000	11.257615	1
0	2	134	0	0	1	2	1.000000	1.000000	11.257689	1
0	10	136	0	0	1	2	1.000000	1.000000	11.315878	1
1	25	137	0	0	1	3	1.000000	1.000000	11.318193	1
0	77	143	0	0	1	4	1.000000	1.000000	11.366205	1
0	0	139	0	0	1	1	1.000000	1.000000	11.320480	1
0	0	140	0	0	1	1	1.000000	1.000000	11.334857	1
0	0	142	0	0	1	1	1.000000	1.000000	11.347481	1
0	7	148	1	0	1	1	1.003895	1.000000	11.446278	1
0	0	153	0	0	1	1	1.000000	1.000000	11.674222	6
0	2	150	1	0	1	1	1.229690	1.000000	11.632547	1
0	0	154	0	0	1	1	1.000000	1.000000	11.694574	2
0	0	155	0	0	1	1	1.000000	1.000000	11.717798	1
0	36	160	0	0	1	3	1.000000	1.000000	11.800284	2
0	13	158	0	0	1	2	1.000000	1.000000	11.754311	1
1	136	163	0	0	1	3	1.000000	1.000000	11.836070	1
0	0	164	0	0	1	1	1.000000	1.000000	11.837710	1
0	18	168	0	0	1	2	1.000000	1.000000	11.919772	1
0	28	167	1	0	1	2	1.110414	1.000000	11.888352	1
0	22	170	0	0	1	2	1.000000	1.000000	11.950438	1
1	0	171	0	0	1	1	1.000000	1.000000	11.964389	1
0	10	174	0	0	1	2	1.000000	1.000000	12.089519	1
1	134	175	0	0	1	3	1.000000	1.000000	12.112365	1
0	2	178	1	0	1	1	1.119613	1.000000	12.142488	1
1	0	177	0	0	1	1	1.000000	1.000000	12.119534	1
0	0	181	0	0	1	1	1.000000	1.000000	12.274026	1
2	0	182	0	0	1	1	1.000000	1.000000	12.282671	84
11	182	183	0	0	1	2	1.000000	1.000000	12.383847	75
0	116	184	0	0	1	4	1.000000	1.000000	12.407742	1
0	79	185	0	0	1	3	1.000000	1.000000	12.422325	1
0	150	186	1	0	1	3	1.229690	1.000000	12.426241	1
1	79	187	0	0	1	3	1.000000	1.000000	12.466580	3
0	0	188	0	0	1	1	1.000000	1.000000	12.487153	1
2	36	191	0	0	1	3	1.000000	1.000000	12.600528	115
0	8	193	0	0	1	3	1.000000	1.000000	12.626672	1
0	167	196	2	0	1	3	1.418427	1.000000	12.634185	1
0	103	197	0	0	1	4	1.000000	1.000000	12.643271	1
1	0	198	0	0	1	1	1.000000	1.000000	12.670073	1
0	174	199	0	0	1	3	1.000000	1.000000	12.740576	1
1	16	200	0	0	1	2	1.000000	1.000000	12.794568	1
1	110	203	0	0	1	2	1.000000	1.000000	12.973703	1
0	0	204	0	0	1	1	1.000000	1.000000	13.010660	1
0	36	206	0	0	1	3	1.000000	1.000000	13.061734	1
0	36	211	0	0	1	3	1.000000	1.000000	13.162537	3
0	13	209	0	0	1	2	1.000000	1.000000	13.105927	1
1	39	213	1	0	0	1	1.126606	1.000000	13.194400	1
0	59	218	0	0	1	3	1.000000	1.000000	13.327360	56
0	96	219	0	0	1	5	1.000000	1.000000	13.336719	1
0	79	220	0	0	1	3	1.000000	1.000000	13.356266	1
0	0	221	1	0	1	1	1.193050	1.000000	13.356507	1
0	0	222	0	0	1	2	1.000000	1.000000	13.414101	1
0	0	223	0	0	1	1	1.000000	1.000000	13.414101	1
1	206	224	0	0	0	4	1.000000	1.000000	13.421053	1
1	0	226	0	0	1	1	1.000000	1.000000	13.454474	2
1	22	227	0	0	1	2	1.000000	1.000000	13.488009	10
0	23	228	0	0	1	2	1.000000	1.000000	13.488336	1
0	84	229	0	0	1	2	1.000000	1.000000	13.504791	23
0	153	230	0	0	1	2	1.000000	1.000000	13.515694	6
0	82	233	1	0	1	4	1.076035	1.000000	13.615531	1
0	181	234	0	0	1	2	1.000000	1.000000	13.615972	1
0	22	235	0	0	1	2	1.000000	1.000000	13.630353	1
0	52	237	0	0	1	3	1.000000	1.000000	13.725051	1
1	22	241	0	0	1	3	1.000000	1.000000	13.765098	10
1	22	240	0	0	1	2	1.000000	1.000000	13.733645	2
0	160	242	1	0	1	3	1.284535	1.000000	13.767535	1
0	242	245	2	0	1	3	1.371452	1.000000	13.834268	1
0	2	248	0	0	1	2	1.000000	1.000000	13.862338	2
4	229	250	0	0	1	3	1.000000	1.000000	13.896864	23
0	0	251	0	0	1	1	1.000000	1.000000	13.917510	1
0	0	255	0	0	1	1	1.000000	1.000000	13.960114	1
1	218	253	0	0	1	4	1.000000	1.000000	13.933652	1
1	218	254	0	0	1	4	1.000000	1.000000	13.933652	55
0	0	256	0	0	1	1	1.000000	1.000000	13.960114	1
0	22	257	0	0	1	2	1.000000	1.000000	13.972074	1
1	219	258	0	0	1	6	1.000000	1.000000	13.972581	1
0	227	259	0	0	1	3	1.000000	1.000000	13.982436	3
1	50	260	0	0	1	3	1.000000	1.000000	14.003377	1
1	188	261	0	0	0	2	1.000000	1.000000	14.030711	1
2	79	263	0	0	1	3	1.000000	1.000000	14.043628	84
2	230	265	1	0	1	2	1.030959	1.000000	14.117368	4
3	191	267	1	0	1	3	1.268862	1.000000	14.175567	62
0	22	270	0	0	1	2	1.000000	1.000000	14.327889	6
0	0	271	0	0	1	1	1.000000	1.000000	14.329905	1
0	204	272	0	0	1	2	1.000000	1.000000	14.405621	1
0	55	273	0	0	1	3	1.000000	1.000000	14.432359	1
0	123	274	0	0	1	5	1.000000	1.000000	14.459118	1
0	251	275	0	0	1	2	1.000000	1.000000	14.462749	1
0	22	276	0	0	1	2	1.000000	1.000000	14.505400	1
0	158	279	0	0	1	4	1.000000	1.000000	14.536163	1
0	36	278	0	0	1	3	1.000000	1.000000	14.509959	1
1	0	280	0	0	0	1	1.000000	1.000000	14.536289	1
7	0	281	0	0	1	1	1.000000	1.000000	14.536289	71
0	279	285	0	0	1	5	1.000000	1.000000	14.654503	1
1	187	286	0	0	1	4	1.000000	1.000000	14.663281	2
0	240	289	0	0	1	3	1.000000	1.000000	14.714272	1
1	278	288	0	0	1	4	1.000000	1.000000	14.671801	1
0	197	290	0	0	1	5	1.000000	1.000000	14.716728	1
8	0	293	0	0	1	1	1.000000	1.000000	14.836369	31
1	96	295	0	0	0	5	1.000000	1.000000	14.858073	1
0	256	297	0	0	1	2	1.000000	1.000000	14.996789	1
0	140	300	0	0	1	2	1.000000	1.000000	15.048400	1
0	36	299	0	0	1	3	1.000000	1.000000	14.998545	1
1	37	303	0	0	1	3	1.000000	1.000000	15.135199	1
0	233	307	1	0	1	5	1.076035	1.000000	15.274384	1
0	182	308	0	0	1	2	1.000000	1.000000	15.288014	1
0	16	312	0	0	1	2	1.000000	1.000000	15.385106	2
0	183	314	0	0	1	3	1.000000	1.000000	15.392445	2
0	108	316	0	0	1	3	1.000000	1.000000	15.402321	1
0	36	328	0	0	1	3	1.000000	1.000000	15.645733	1
0	92	318	0	0	1	4	1.000000	1.000000	15.404094	1
0	0	321	0	0	1	1	1.000000	1.000000	15.506782	1
0	160	325	0	0	1	4	1.000000	1.000000	15.589591	1
0	22	329	0	0	1	2	1.000000	1.000000	15.661297	1
1	79	330	0	0	0	3	1.000000	1.000000	15.670456	1
0	0	331	0	0	1	1	1.000000	1.000000	15.698860	1
1	36	332	0	0	1	3	1.000000	1.000000	15.715022	1
1	23	333	0	0	1	2	1.000000	1.000000	15.750831	1
0	22	335	1	0	1	1	1.108172	1.000000	15.758849	1
0	84	336	0	0	1	2	1.000000	1.000000	15.793397	1
0	234	337	0	0	1	3	1.000000	1.000000	15.812482	1
0	259	338	0	0	1	4	1.000000	1.000000	15.820862	1
0	196	340	2	0	1	4	1.418427	1.000000	15.838810	1
0	263	341	0	0	1	4	1.000000	1.000000	15.840935	1
0	0	345	0	0	1	1	1.000000	1.000000	15.915934	1
0	36	349	0	0	1	3	1.000000	1.000000	15.941646	1
0	337	348	0	0	1	4	1.000000	1.000000	15.937499	1
0	245	350	3	0	1	3	1.469560	1.000000	15.944626	1
0	0	355	0	0	1	1	1.000000	1.000000	16.109510	1
0	39	357	0	0	1	2	1.000000	1.000000	16.157692	1
0	39	358	0	0	1	2	1.000000	1.000000	16.181149	1
0	0	359	1	0	1	0	1.083169	1.000000	16.188137	1
1	16	360	0	0	1	2	1.000000	1.000000	16.241905	3
0	0	361	0	0	1	1	1.000000	1.000000	16.290735	1
0	272	366	0	0	1	3	1.000000	1.000000	16.358242	1
0	254	364	0	0	1	5	1.000000	1.000000	16.346518	1
2	23	378	0	0	1	2	1.000000	1.000000	16.439960	21
0	154	377	0	0	1	2	1.000000	1.000000	16.433670	2
0	359	373	1	0	1	1	1.083169	1.000000	16.419462	1
0	111	372	0	0	1	3	1.000000	1.000000	16.398853	1
0	345	376	0	0	1	2	1.000000	1.000000	16.429293	1
0	164	379	0	0	1	2	1.000000	1.000000	16.445135	1
0	59	383	0	0	1	3	1.000000	1.000000	16.506222	1
1	106	382	0	0	0	4	1.000000	1.000000	16.496937	1
6	123	385	0	0	1	5	1.000000	1.000000	16.533707	15
0	0	387	0	0	1	1	1.000000	1.000000	16.548161	1
0	0	388	0	0	1	1	1.000000	1.000000	16.568422	1
0	263	391	0	0	1	4	1.000000	1.000000	16.589968	1
0	96	398	0	0	1	5	1.000000	1.000000	16.645178	2
0	276	399	0	0	1	3	1.000000	1.000000	16.647171	1
0	387	400	0	0	1	2	1.000000	1.000000	16.681108	1
1	36	403	0	0	1	3	1.000000	1.000000	16.724012	1
0	270	402	0	0	1	3	1.000000	1.000000	16.702499	4
0	300	404	0	0	1	3	1.000000	1.000000	16.739334	1
0	373	407	1	0	1	2	1.083169	1.000000	16.755568	1
1	241	408	0	0	1	4	1.000000	1.000000	16.787508	1
0	307	410	1	0	1	6	1.076035	1.000000	16.793331	1
0	385	412	0	0	1	6	1.000000	1.000000	16.803017	1
0	348	413	0	0	1	5	1.000000	1.000000	16.814165	1
0	0	414	0	0	1	1	1.000000	1.000000	16.816473	4
1	84	424	0	0	1	2	1.000000	1.000000	16.928291	1
1	372	418	0	0	0	4	1.000000	1.000000	16.873003	1
0	263	423	0	0	1	4	1.000000	1.000000	16.914852	1
0	0	425	0	0	1	1	1.000000	1.000000	16.943600	1
0	23	429	0	0	1	2	1.000000	1.000000	17.010025	1
0	357	427	0	0	1	4	1.000000	1.000000	16.986166	1
0	155	431	0	0	1	2	1.000000	1.000000	17.034367	1
1	16	440	1	0	1	2	1.019686	1.000000	17.180374	1
1	321	434	0	0	0	2	1.000000	1.000000	17.111294	1
1	16	435	0	0	1	2	1.000000	1.000000	17.112165	1
0	84	441	1	0	1	1	1.061457	1.000000	17.212431	2
0	23	449	0	0	1	2	1.000000	1.000000	17.275360	1
0	89	445	1	0	1	2	1.283996	1.000000	17.249281	1
0	221	459	1	0	1	2	1.193050	1.000000	17.413012	1
1	254	462	0	0	1	5	1.000000	1.000000	17.421333	41
0	293	455	1	0	1	1	1.320535	1.000000	17.378231	1
1	93	465	0	0	1	3	1.000000	1.000000	17.453836	1
0	84	463	1	0	1	1	1.195405	1.000000	17.424551	1
1	228	470	0	0	0	3	1.000000	1.000000	17.488831	1
39	263	471	0	0	1	4	1.000000	1.000000	17.489101	72
0	199	472	0	0	1	4	1.000000	1.000000	17.504288	1
0	285	473	0	0	1	6	1.000000	1.000000	17.505676	1
0	314	475	0	0	1	4	1.000000	1.000000	17.547279	1
0	148	476	1	0	1	2	1.003895	1.000000	17.566278	1
0	0	477	0	0	1	1	1.000000	1.000000	17.586308	1
1	271	478	0	0	1	2	1.000000	1.000000	17.590317	1
0	183	479	0	0	1	3	1.000000	1.000000	17.609694	29
0	414	481	0	0	1	2	1.000000	1.000000	17.634535	3
0	79	483	0	0	1	3	1.000000	1.000000	17.680960	1
1	222	485	1	0	1	2	1.024029	1.000000	17.688194	1
0	84	491	0	0	1	2	1.000000	1.000000	17.777134	1
0	23	489	0	0	1	2	1.000000	1.000000	17.709112	1
1	49	490	0	0	0	2	1.000000	1.000000	17.738773	1
0	191	492	0	0	1	4	1.000000	1.000000	17.779287	1
1	22	493	0	0	0	2	1.000000	1.000000	17.788418	1
0	254	494	0	0	1	5	1.000000	1.000000	17.789207	1
0	23	495	0	0	1	2	1.000000	1.000000	17.794390	1
1	492	499	0	0	1	5	1.000000	1.000000	17.842367	1
5	22	500	0	0	1	2	1.000000	1.000000	17.848942	12
0	325	501	0	0	1	5	1.000000	1.000000	17.867336	1
2	441	502	1	0	0	2	1.061457	1.000000	17.880552	2
0	501	503	0	0	1	6	1.000000	1.000000	17.898888	1
0	0	511	0	0	1	1	1.000000	1.000000	18.030792	1
0	503	509	0	0	1	7	1.000000	1.000000	17.968428	1
1	22	507	0	0	1	2	1.000000	1.000000	17.937347	1
0	84	513	0	0	1	2	1.000000	1.000000	18.035250	1
0	79	517	0	0	1	3	1.000000	1.000000	18.065369	1
0	449	516	0	0	1	3	1.000000	1.000000	18.056051	1
0	84	520	1	0	1	1	1.120702	1.000000	18.079622	1
0	227	526	1	0	1	2	1.003330	1.000000	18.122362	1
1	398	524	0	0	1	6	1.000000	1.000000	18.113958	1
0	275	528	0	0	1	3	1.000000	1.000000	18.141830	1
0	513	531	1	0	1	2	1.049599	1.000000	18.160501	1
0	115	532	0	0	1	4	1.000000	1.000000	18.161127	1
1	23	536	0	0	1	2	1.000000	1.000000	18.190804	1
0	235	537	0	0	1	3	1.000000	1.000000	18.217642	1
0	84	538	0	0	1	2	1.000000	1.000000	18.255590	72
0	388	539	0	0	1	2	1.000000	1.000000	18.265587	1
0	314	540	0	0	1	4	1.000000	1.000000	18.272923	1
0	477	541	0	0	1	2	1.000000	1.000000	18.293264	1
0	143	542	0	0	1	5	1.000000	1.000000	18.308208	1
0	475	543	0	0	1	5	1.000000	1.000000	18.331865	1
0	265	546	1	0	1	3	1.030959	1.000000	18.372009	1
0	58	545	0	0	1	4	1.000000	1.000000	18.352900	1
0	318	547	0	0	1	5	1.000000	1.000000	18.374935	1
0	385	548	0	0	1	6	1.000000	1.000000	18.390961	1
0	191	551	0	0	1	4	1.000000	1.000000	18.432806	1
0	267	552	2	0	1	3	1.430552	1.000000	18.437010	1
25	267	553	1	0	1	4	1.268862	1.000000	18.471722	51
0	548	555	0	0	1	7	1.000000	1.000000	18.494694	1
3	23	556	0	0	1	2	1.000000	1.000000	18.499784	6
0	281	557	0	0	1	2	1.000000	1.000000	18.509100	2
1	123	558	0	0	0	5	1.000000	1.000000	18.511625	1
0	358	559	1	0	1	2	1.137217	1.000000	18.542042	1
0	22	561	0	0	1	2	1.000000	1.000000	18.596870	36
0	241	562	0	0	1	4	1.000000	1.000000	18.604080	1
2	241	563	0	0	1	4	1.000000	1.000000	18.604080	3
0	0	564	0	0	1	1	1.000000	1.000000	18.605740	1
0	184	565	0	0	1	5	1.000000	1.000000	18.610744	1
0	289	568	0	0	1	4	1.000000	1.000000	18.628359	1
0	254	567	1	0	1	4	1.003059	1.000000	18.624071	3
0	36	569	0	0	1	3	1.000000	1.000000	18.631227	1
0	517	572	0	0	1	4	1.000000	1.000000	18.674011	1
0	226	574	0	0	1	2	1.000000	1.000000	18.682806	1
1	552	575	2	0	1	4	1.430552	1.000000	18.696842	1
0	0	577	0	0	1	1	1.000000	1.000000	18.719063	1
0	2	585	0	0	1	2	1.000000	1.000000	18.796873	1
0	281	579	0	0	1	2	1.000000	1.000000	18.744343	1
0	13	581	0	0	1	2	1.000000	1.000000	18.756826	1
0	263	582	0	0	1	4	1.000000	1.000000	18.760117	1
0	281	584	0	0	1	2	1.000000	1.000000	18.772404	37
0	211	593	0	0	1	4	1.000000	1.000000	18.839989	1
0	90	588	0	0	1	4	1.000000	1.000000	18.820330	1
0	23	597	0	0	1	2	1.000000	1.000000	18.868607	1
0	402	598	0	0	1	4	1.000000	1.000000	18.873808	1
0	16	599	0	0	1	2	1.000000	1.000000	18.886211	1
0	270	600	0	0	1	3	1.000000	1.000000	18.893339	1
0	335	604	2	0	1	1	1.224324	1.000000	18.900696	1
0	16	602	0	0	1	2	1.000000	1.000000	18.894062	1
0	331	603	0	0	1	2	1.000000	1.000000	18.897575	1
0	462	605	0	0	1	6	1.000000	1.000000	18.954329	1
1	191	608	0	0	1	4	1.000000	1.000000	19.065111	1
1	0	610	0	0	1	1	1.000000	1.000000	19.078087	1
0	96	611	0	0	1	5	1.000000	1.000000	19.080441	1
0	64	612	0	0	1	4	1.000000	1.000000	19.086285	1
0	99	614	0	0	1	5	1.000000	1.000000	19.128666	1
3	538	616	1	0	1	2	1.383612	1.000000	19.140926	70
0	581	617	1	0	1	2	1.146173	1.000000	19.163071	1
0	516	619	0	0	1	4	1.000000	1.000000	19.173695	1
1	139	624	0	0	0	2	1.000000	1.000000	19.207457	1
0	79	622	0	0	1	3	1.000000	1.000000	19.194103	1
0	227	626	0	0	1	3	1.000000	1.000000	19.227804	1
0	281	625	1	0	1	1	1.025823	1.000000	19.217443	1
0	582	627	0	0	1	5	1.000000	1.000000	19.241034	1
0	0	631	0	0	1	1	1.000000	1.000000	19.284536	1
1	16	633	0	0	1	2	1.000000	1.000000	19.301073	1
0	34	634	0	0	1	4	1.000000	1.000000	19.335217	1
0	79	635	0	0	1	3	1.000000	1.000000	19.357662	1
0	267	637	1	0	1	4	1.268862	1.000000	19.382950	1
0	281	639	0	0	1	2	1.000000	1.000000	19.393476	1
1	122	640	1	0	1	3	1.244679	1.000000	19.417986	1
1	263	643	0	0	1	4	1.000000	1.000000	19.473101	1
0	36	645	0	0	1	3	1.000000	1.000000	19.496384	1
0	378	646	0	0	1	3	1.000000	1.000000	19.499620	3
0	491	647	0	0	1	3	1.000000	1.000000	19.503456	1
0	123	654	0	0	1	5	1.000000	1.000000	19.577322	1
0	76	651	0	0	1	5	1.000000	1.000000	19.540003	1
2	500	661	0	0	1	3	1.000000	1.000000	19.616697	2
1	259	656	0	0	1	4	1.000000	1.000000	19.579987	1
1	254	657	0	0	1	5	1.000000	1.000000	19.584200	5
1	16	660	0	0	1	3	1.000000	1.000000	19.600859	1
1	551	664	1	0	1	4	1.250614	1.000000	19.685190	1
1	378	665	0	0	1	3	1.000000	1.000000	19.701063	1
1	654	669	0	0	1	6	1.000000	1.000000	19.776154	1
0	36	673	0	0	1	3	1.000000	1.000000	19.784296	1
1	479	676	0	0	1	4	1.000000	1.000000	19.815666	3
0	250	675	1	0	1	3	1.340086	1.000000	19.807295	1
1	597	678	0	0	0	3	1.000000	1.000000	19.857346	1
1	79	679	1	0	0	2	1.105947	1.000000	19.870411	1
0	626	680	0	0	1	4	1.000000	1.000000	19.873791	1
0	257	684	1	0	1	2	1.090827	1.000000	19.896629	1
0	541	682	0	0	1	3	1.000000	1.000000	19.886868	1
1	36	683	0	0	1	3	1.000000	1.000000	19.887159	3
0	360	687	0	0	1	3	1.000000	1.000000	19.957645	1
0	293	691	0	0	1	2	1.000000	1.000000	19.976294	1
0	96	689	0	0	1	5	1.000000	1.000000	19.973585	1
0	250	690	0	0	1	4	1.000000	1.000000	19.974100	3
1	23	692	0	0	0	2	1.000000	1.000000	19.995005	1
1	0	693	0	0	0	1	1.000000	1.000000	19.996046	1
0	267	696	1	0	1	4	1.268862	1.000000	20.023348	1
0	413	697	1	0	1	5	1.018019	1.000000	20.026022	1
0	0	698	1	0	1	0	1.013306	1.000000	20.050257	1
0	376	699	0	0	1	3	1.000000	1.000000	20.054771	1
0	267	700	1	0	1	4	1.268862	1.000000	20.058329	1
2	183	703	0	0	1	3	1.000000	1.000000	20.103498	11
1	230	710	0	0	0	3	1.000000	1.000000	20.161169	1
0	123	707	0	0	1	5	1.000000	1.000000	20.135235	1
0	22	711	0	0	1	2	1.000000	1.000000	20.161945	1
0	699	712	0	0	1	4	1.000000	1.000000	20.170605	1
0	0	715	0	0	1	2	1.000000	1.000000	20.239744	1
0	22	714	0	0	1	3	1.000000	1.000000	20.188345	1
0	211	716	0	0	1	4	1.000000	1.000000	20.249763	1
1	250	718	0	0	1	4	1.000000	1.000000	20.276157	2
0	281	719	0	0	1	2	1.000000	1.000000	20.295191	1
0	383	720	0	0	1	4	1.000000	1.000000	20.307882	1
1	84	721	0	0	0	2	1.000000	1.000000	20.326349	1
0	293	723	0	0	1	2	1.000000	1.000000	20.333464	1
1	574	725	0	0	0	3	1.000000	1.000000	20.358568	1
1	41	728	0	0	0	5	1.000000	1.000000	20.394394	1
0	36	730	0	0	1	3	1.000000	1.000000	20.405499	1
1	84	738	0	0	0	2	1.000000	1.000000	20.477596	1
1	429	734	0	0	0	3	1.000000	1.000000	20.440205	1
1	627	736	0	0	1	6	1.000000	1.000000	20.460751	1
0	711	742	0	0	1	3	1.000000	1.000000	20.496189	1
0	53	740	1	0	1	3	1.193557	1.000000	20.484291	1
1	281	747	0	0	1	2	1.000000	1.000000	20.546976	9
1	128	746	0	0	1	2	1.000000	1.000000	20.546125	1
0	30	749	1	0	1	1	1.085359	1.000000	20.554728	1
1	537	750	0	0	1	4	1.000000	1.000000	20.562241	1
1	700	753	1	0	1	5	1.268862	1.000000	20.572489	1
0	79	752	1	0	1	2	1.040237	1.000000	20.567600	1
0	427	754	0	0	1	5	1.000000	1.000000	20.572708	1
1	123	755	0	0	0	5	1.000000	1.000000	20.579920	1
0	364	757	0	0	1	6	1.000000	1.000000	20.623371	1
0	622	759	0	0	1	4	1.000000	1.000000	20.664557	1
1	584	760	0	0	1	3	1.000000	1.000000	20.665655	1
0	520	763	1	0	1	2	1.120702	1.000000	20.714695	1
0	84	764	0	0	1	2	1.000000	1.000000	20.720020	1
1	118	766	0	0	1	2	1.000000	1.000000	20.735039	1
1	604	767	2	0	0	2	1.224324	1.000000	20.738724	1
0	391	769	0	0	1	5	1.000000	1.000000	20.749237	1
1	84	770	0	0	0	2	1.000000	1.000000	20.762001	1
1	341	775	0	0	1	5	1.000000	1.000000	20.791531	1
0	585	772	0	0	1	3	1.000000	1.000000	20.769203	1
0	561	774	0	0	1	3	1.000000	1.000000	20.778540	1
1	39	776	0	0	0	2	1.000000	1.000000	20.791712	1
0	684	777	1	0	1	3	1.090827	1.000000	20.799397	1
1	22	780	0	0	1	2	1.000000	1.000000	20.809116	1
0	39	781	0	0	1	2	1.000000	1.000000	20.813160	1
0	479	786	0	0	1	4	1.000000	1.000000	20.842836	1
1	402	784	0	0	1	4	1.000000	1.000000	20.836065	2
1	183	792	1	0	1	2	1.124123	1.000000	20.882820	1
2	471	794	0	0	1	5	1.000000	1.000000	20.886618	3
0	398	795	0	0	1	6	1.000000	1.000000	20.900644	1
24	191	796	0	0	1	4	1.000000	1.000000	20.914799	41
0	0	797	0	0	1	1	1.000000	1.000000	20.932457	1
1	730	798	0	0	0	4	1.000000	1.000000	20.938496	1
1	757	800	0	0	0	7	1.000000	1.000000	20.960751	1
0	183	812	0	0	1	3	1.000000	1.000000	21.078434	1
0	182	805	0	0	1	3	1.000000	1.000000	20.999855	1
0	16	811	0	0	1	2	1.000000	1.000000	21.053545	1
0	366	807	0	0	1	4	1.000000	1.000000	21.004797	1
0	0	818	0	0	1	1	1.000000	1.000000	21.128279	1
0	183	817	0	0	1	3	1.000000	1.000000	21.126966	1
1	329	820	0	0	1	3	1.000000	1.000000	21.130661	1
1	0	821	1	0	1	0	1.014568	1.000000	21.137739	1
0	400	824	0	0	1	3	1.000000	1.000000	21.168163	1
0	568	825	0	0	1	5	1.000000	1.000000	21.204567	1
1	281	826	0	0	0	2	1.000000	1.000000	21.225975	1
0	183	829	0	0	1	3	1.000000	1.000000	21.274845	1
0	567	834	1	0	1	5	1.003059	1.000000	21.299988	1
0	355	832	0	0	1	2	1.000000	1.000000	21.279545	1
0	36	833	0	0	1	4	1.000000	1.000000	21.279675	1
1	555	835	0	0	0	8	1.000000	1.000000	21.308392	1
1	431	840	0	0	0	3	1.000000	1.000000	21.333809	1
11	584	837	0	0	1	3	1.000000	1.000000	21.319838	36
1	532	839	1	0	0	4	1.252439	1.000000	21.329782	1
0	637	842	1	0	1	5	1.268862	1.000000	21.374348	1
0	645	847	0	0	1	4	1.000000	1.000000	21.431522	1
0	183	848	0	0	1	3	1.000000	1.000000	21.435492	1
1	410	849	2	0	0	6	1.082248	1.000000	21.439203	1
1	23	850	0	0	0	2	1.000000	1.000000	21.442085	1
0	36	854	0	0	1	3	1.000000	1.000000	21.472729	1
1	263	853	0	0	1	4	1.000000	1.000000	21.466297	1
0	84	855	0	0	1	2	1.000000	1.000000	21.487944	1
0	130	857	0	0	1	3	1.000000	1.000000	21.497421	1
0	254	860	0	0	1	5	1.000000	1.000000	21.505877	1
1	23	863	0	0	0	2	1.000000	1.000000	21.526987	1
0	471	862	0	0	1	5	1.000000	1.000000	21.509516	1
0	293	865	0	0	1	2	1.000000	1.000000	21.537809	1
0	462	868	0	0	1	6	1.000000	1.000000	21.581507	1
1	0	869	0	0	1	1	1.000000	1.000000	21.593842	1
0	471	870	0	0	1	5	1.000000	1.000000	21.595455	1
7	479	871	0	0	1	4	1.000000	1.000000	21.612999	20
0	479	873	0	0	1	4	1.000000	1.000000	21.641306	1
1	833	876	0	0	1	5	1.000000	1.000000	21.663994	1
0	797	877	0	0	1	2	1.000000	1.000000	21.667934	1
0	308	878	0	0	1	3	1.000000	1.000000	21.669584	1
3	837	879	0	0	1	4	1.000000	1.000000	21.671988	4
4	837	883	0	0	1	4	1.000000	1.000000	21.702888	7
0	312	885	0	0	1	3	1.000000	1.000000	21.717522	1
1	542	886	0	0	1	6	1.000000	1.000000	21.728498	1
1	423	891	0	0	0	5	1.000000	1.000000	21.760952	1
0	22	889	0	0	1	3	1.000000	1.000000	21.744255	1
0	183	894	0	0	1	3	1.000000	1.000000	21.768866	2
0	183	893	0	0	1	3	1.000000	1.000000	21.760998	1
0	707	896	0	0	1	6	1.000000	1.000000	21.779980	1
1	747	898	0	0	1	3	1.000000	1.000000	21.784100	1
1	36	899	0	0	0	3	1.000000	1.000000	21.790741	1
1	824	900	0	0	1	5	1.000000	1.000000	21.802185	1
0	191	901	1	0	1	3	1.129768	1.000000	21.807461	1
0	186	903	1	0	1	4	1.229690	1.000000	21.823435	1
1	237	905	0	0	1	4	1.000000	1.000000	21.836582	1
1	901	909	1	0	0	4	1.129768	1.000000	21.870928	1
0	605	911	0	0	1	7	1.000000	1.000000	21.927708	1
0	142	912	0	0	1	2	1.000000	1.000000	21.959410	1
1	781	917	1	0	0	2	1.032225	1.000000	21.995907	1
2	871	916	0	0	1	5	1.000000	1.000000	21.989422	7
0	377	915	0	0	1	3	1.000000	1.000000	21.974756	2
0	911	918	0	0	1	8	1.000000	1.000000	21.996119	1
1	857	920	0	0	1	4	1.000000	1.000000	22.008192	1
1	500	921	0	0	1	4	1.000000	1.000000	22.009502	1
0	299	922	0	0	1	5	1.000000	1.000000	22.027014	1
1	230	923	0	0	1	3	1.000000	1.000000	22.031088	1
1	811	924	0	0	0	3	1.000000	1.000000	22.031483	1
1	0	925	0	0	0	1	1.000000	1.000000	22.045057	1
0	483	926	0	0	1	4	1.000000	1.000000	22.049633	1
2	561	927	0	0	1	3	1.000000	1.000000	22.054174	34
0	183	928	0	0	1	3	1.000000	1.000000	22.067921	1
0	918	929	0	0	1	9	1.000000	1.000000	22.072195	1
1	281	931	0	0	1	2	1.000000	1.000000	22.082338	1
0	2	932	0	0	1	2	1.000000	1.000000	22.112928	1
1	825	934	0	0	0	6	1.000000	1.000000	22.126366	1
0	16	938	0	0	1	2	1.000000	1.000000	22.222942	1
0	689	937	0	0	1	6	1.000000	1.000000	22.179800	1
1	385	939	0	0	0	6	1.000000	1.000000	22.249950	1
5	927	940	0	0	1	4	1.000000	1.000000	22.256586	12
1	703	941	0	0	1	5	1.000000	1.000000	22.274647	6
1	912	943	0	0	1	3	1.000000	1.000000	22.339672	1
0	473	945	0	0	1	7	1.000000	1.000000	22.362724	1
0	385	955	0	0	1	6	1.000000	1.000000	22.437086	1
0	579	947	0	0	1	3	1.000000	1.000000	22.386644	1
0	471	953	0	0	1	6	1.000000	1.000000	22.414415	1
1	79	962	0	0	1	3	1.000000	1.000000	22.489798	2
0	182	961	0	0	1	2	1.000000	1.000000	22.487617	1
0	557	963	0	0	1	3	1.000000	1.000000	22.489948	1
1	462	965	0	0	0	6	1.000000	1.000000	22.492956	1
1	191	970	0	0	1	4	1.000000	1.000000	22.519102	1
1	947	969	1	0	1	3	1.112295	1.000000	22.509207	1
0	675	971	1	0	1	4	1.340086	1.000000	22.555210	1
1	723	972	0	0	1	3	1.000000	1.000000	22.563244	1
0	927	973	0	0	1	4	1.000000	1.000000	22.579407	2
1	868	975	0	0	0	7	1.000000	1.000000	22.588310	1
1	619	976	0	0	1	5	1.000000	1.000000	22.588749	1
0	463	978	1	0	1	2	1.195405	1.000000	22.594164	1
0	479	979	0	0	1	4	1.000000	1.000000	22.598522	1
0	270	980	1	0	1	3	1.033351	1.000000	22.607033	1
1	546	985	1	0	1	4	1.030959	1.000000	22.649767	1
1	848	986	1	0	1	3	1.027957	1.000000	22.673933	1
1	183	990	0	0	0	3	1.000000	1.000000	22.709618	1
0	646	991	0	0	1	4	1.000000	1.000000	22.712107	3
1	784	993	0	0	1	5	1.000000	1.000000	22.746416	1
0	182	994	0	0	1	2	1.000000	1.000000	22.749020	1
1	980	995	1	0	0	4	1.033351	1.000000	22.765682	1
1	616	996	1	0	1	3	1.383612	1.000000	22.769827	1
0	698	998	1	0	1	1	1.013306	1.000000	22.808336	1
0	553	1003	1	0	1	5	1.268862	1.000000	22.849308	1
2	837	1001	0	0	0	4	1.000000	1.000000	22.829668	2
0	651	1006	0	0	1	6	1.000000	1.000000	22.894661	1
0	191	1007	0	0	1	4	1.000000	1.000000	22.901091	4
1	378	1008	0	0	0	3	1.000000	1.000000	22.907793	1
1	385	1009	0	0	0	6	1.000000	1.000000	22.910181	1
1	593	1011	0	0	1	5	1.000000	1.000000	22.957495	1
1	564	1017	0	0	0	2	1.000000	1.000000	22.991623	1
0	274	1014	0	0	1	6	1.000000	1.000000	22.969490	1
1	267	1016	1	0	1	4	1.268862	1.000000	22.983860	1
1	297	1019	1	0	0	2	1.118237	1.000000	23.003105	1
1	125	1020	1	0	0	3	1.000770	1.000000	23.010626	1
1	971	1021	1	0	1	5	1.340086	1.000000	23.025742	1
0	183	1022	0	0	1	3	1.000000	1.000000	23.028219	1
0	281	1023	0	0	1	2	1.000000	1.000000	23.031324	1
0	281	1024	0	0	1	2	1.000000	1.000000	23.057981	1
2	553	1026	1	0	0	5	1.268862	1.000000	23.069426	2
1	885	1028	0	0	0	4	1.000000	1.000000	23.099678	1
0	526	1032	1	0	1	3	1.003330	1.000000	23.123165	1
1	378	1031	0	0	0	3	1.000000	1.000000	23.120377	1
1	635	1033	0	0	0	4	1.000000	1.000000	23.134068	1
1	248	1034	0	0	1	3	1.000000	1.000000	23.145159	1
0	611	1035	0	0	1	6	1.000000	1.000000	23.156902	1
1	489	1040	0	0	1	3	1.000000	1.000000	23.211559	1
1	553	1039	1	0	0	5	1.268862	1.000000	23.191097	1
1	293	1041	0	0	0	2	1.000000	1.000000	23.220881	1
1	616	1043	1	0	1	3	1.383612	1.000000	23.230967	2
0	647	1051	0	0	1	4	1.000000	1.000000	23.293736	1
1	715	1045	0	0	0	3	1.000000	1.000000	23.259100	1
1	991	1050	0	0	1	5	1.000000	1.000000	23.284452	1
0	336	1048	0	0	1	3	1.000000	1.000000	23.267090	1
0	553	1053	1	0	1	5	1.268862	1.000000	23.309046	3
1	402	1057	0	0	0	4	1.000000	1.000000	23.326771	1
1	690	1055	0	0	1	5	1.000000	1.000000	23.315172	3
1	749	1056	1	0	1	2	1.085359	1.000000	23.315601	1
1	878	1058	0	0	1	4	1.000000	1.000000	23.356634	1
0	683	1060	0	0	1	4	1.000000	1.000000	23.373270	2
0	123	1061	0	0	1	5	1.000000	1.000000	23.414085	1
1	1048	1062	0	0	0	4	1.000000	1.000000	23.426462	1
1	476	1067	1	0	1	3	1.003895	1.000000	23.455204	1
0	84	1064	0	0	1	2	1.000000	1.000000	23.429470	1
0	479	1066	0	0	1	4	1.000000	1.000000	23.437506	1
0	763	1068	1	0	1	3	1.120702	1.000000	23.456659	1
7	616	1069	1	0	1	3	1.383612	1.000000	23.459599	46
1	561	1071	0	0	0	3	1.000000	1.000000	23.470858	1
0	598	1072	1	0	1	4	1.121654	1.000000	23.472187	1
6	616	1079	1	0	1	3	1.383612	1.000000	23.515995	13
0	462	1074	0	0	1	6	1.000000	1.000000	23.505247	14
2	0	1076	0	0	0	1	1.000000	1.000000	23.511724	2
6	293	1078	0	0	1	2	1.000000	1.000000	23.514723	12
0	588	1083	0	0	1	5	1.000000	1.000000	23.546091	1
0	22	1084	0	0	1	2	1.000000	1.000000	23.546171	1
1	687	1088	0	0	0	4	1.000000	1.000000	23.553434	1
0	1084	1086	0	0	1	3	1.000000	1.000000	23.548195	1
1	973	1089	0	0	1	5	1.000000	1.000000	23.554497	2
0	928	1090	1	0	1	3	1.088823	1.000000	23.559563	1
1	378	1097	0	0	1	3	1.000000	1.000000	23.611656	1
1	378	1098	0	0	1	3	1.000000	1.000000	23.611656	11
1	556	1096	0	0	0	3	1.000000	1.000000	23.601816	1
0	569	1095	1	0	1	3	1.272890	1.000000	23.598877	1
0	842	1099	1	0	1	6	1.268862	1.000000	23.621840	1
0	0	1100	0	0	1	1	1.000000	1.000000	23.637774	1
0	316	1101	0	0	1	4	1.000000	1.000000	23.637789	1
1	865	1108	0	0	1	3	1.000000	1.000000	23.698069	1
11	462	1105	1	0	1	5	1.013969	1.000000	23.650461	22
0	963	1109	0	0	1	4	1.000000	1.000000	23.707371	1
1	720	1110	0	0	1	5	1.000000	1.000000	23.709791	1
7	1069	1124	1	0	1	4	1.383612	1.000000	23.791817	7
1	614	1113	0	0	1	6	1.000000	1.000000	23.717779	1
0	676	1118	0	0	1	5	1.000000	1.000000	23.748333	1
1	807	1125	0	0	1	5	1.000000	1.000000	23.792048	1
1	676	1122	0	0	1	5	1.000000	1.000000	23.779657	1
1	553	1123	2	0	1	4	1.284807	1.000000	23.780512	3
1	1101	1126	0	0	0	5	1.000000	1.000000	23.796967	1
1	553	1128	1	0	0	5	1.268862	1.000000	23.825861	1
0	612	1129	0	0	1	5	1.000000	1.000000	23.825920	1
0	616	1130	1	0	1	3	1.383612	1.000000	23.827183	1
1	191	1132	1	0	1	3	1.021617	1.000000	23.836159	1
0	16	1133	1	0	1	1	1.074431	1.000000	23.838236	1
1	680	1137	0	0	1	5	1.000000	1.000000	23.850576	1
0	178	1135	1	0	1	2	1.119613	1.000000	23.844280	1
3	1007	1140	0	0	1	5	1.000000	1.000000	23.860935	4
1	752	1145	1	0	1	3	1.040237	1.000000	23.925398	1
0	673	1141	0	0	1	4	1.000000	1.000000	23.864082	1
1	255	1143	0	0	0	2	1.000000	1.000000	23.869205	1
0	893	1147	0	0	1	4	1.000000	1.000000	23.935135	1
1	1069	1148	2	0	1	3	1.455147	1.000000	23.937012	9
1	786	1149	0	0	0	5	1.000000	1.000000	23.941717	1
1	894	1152	0	0	0	4	1.000000	1.000000	23.956726	1
0	528	1151	0	0	1	4	1.000000	1.000000	23.953270	1
0	0	1154	0	0	1	1	1.000000	1.000000	23.987123	1
0	696	1155	1	0	1	5	1.268862	1.000000	23.990969	1
0	927	1156	0	0	1	4	1.000000	1.000000	23.994968	17
1	1129	1162	0	0	0	7	1.000000	1.000000	24.051432	1
2	241	1161	0	0	1	4	1.000000	1.000000	24.041748	3
0	1074	1165	0	0	1	7	1.000000	1.000000	24.084391	3
0	1074	1166	0	0	1	7	1.000000	1.000000	24.084391	11
1	84	1167	0	0	1	2	1.000000	1.000000	24.090679	1
1	991	1168	0	0	1	5	1.000000	1.000000	24.091734	2
10	1156	1169	0	0	1	5	1.000000	1.000000	24.099737	16
2	837	1170	0	0	1	4	1.000000	1.000000	24.109453	7
3	941	1175	0	0	1	6	1.000000	1.000000	24.181221	5
1	1100	1174	1	0	0	2	1.065509	1.000000	24.156870	1
1	182	1176	0	0	1	2	1.000000	1.000000	24.184729	1
1	847	1177	0	0	0	5	1.000000	1.000000	24.188980	1
1	312	1180	0	0	0	3	1.000000	1.000000	24.224977	1
1	740	1179	1	0	1	4	1.193557	1.000000	24.206615	1
1	79	1181	0	0	0	3	1.000000	1.000000	24.225746	1
1	124	1186	0	0	0	4	1.000000	1.000000	24.257338	1
1	545	1187	0	0	1	5	1.000000	1.000000	24.275846	1
0	703	1188	0	0	1	4	1.000000	1.000000	24.277126	1
0	777	1197	1	0	1	4	1.090827	1.000000	24.317343	1
0	883	1191	0	0	1	5	1.000000	1.000000	24.283758	1
0	495	1192	0	0	1	3	1.000000	1.000000	24.290407	1
1	209	1195	0	0	0	3	1.000000	1.000000	24.299995	1
1	16	1194	0	0	1	2	1.000000	1.000000	24.295137	1
1	471	1196	0	0	1	5	1.000000	1.000000	24.304146	4
0	481	1200	0	0	1	4	1.000000	1.000000	24.324110	1
1	182	1202	0	0	0	2	1.000000	1.000000	24.354553	1
1	23	1201	0	0	0	2	1.000000	1.000000	24.338917	1
0	0	1203	0	0	1	1	1.000000	1.000000	24.366098	1
0	572	1207	0	0	1	5	1.000000	1.000000	24.416588	1
0	747	1205	1	0	1	2	1.128709	1.000000	24.406361	6
0	805	1208	0	0	1	4	1.000000	1.000000	24.416616	1
2	1053	1215	1	0	1	6	1.268862	1.000000	24.485111	2
1	716	1213	0	0	0	5	1.000000	1.000000	24.438328	1
1	340	1211	2	0	1	5	1.418427	1.000000	24.419628	1
1	1066	1216	1	0	1	4	1.069848	1.000000	24.495373	1
2	293	1229	0	0	0	2	1.000000	1.000000	24.610394	2
0	263	1227	0	0	1	4	1.000000	1.000000	24.608202	1
0	79	1224	0	0	1	3	1.000000	1.000000	24.569298	1
1	697	1222	1	0	1	6	1.018019	1.000000	24.556608	1
0	559	1230	1	0	1	3	1.137217	1.000000	24.623114	1
0	1060	1238	0	0	1	5	1.000000	1.000000	24.687094	1
0	1022	1233	0	0	1	4	1.000000	1.000000	24.640978	1
1	349	1237	0	0	0	4	1.000000	1.000000	24.677202	1
1	124	1239	0	0	0	4	1.000000	1.000000	24.690306	1
1	1155	1243	1	0	0	6	1.268862	1.000000	24.770456	1
0	1095	1244	1	0	1	4	1.272890	1.000000	24.779198	1
1	471	1245	0	0	0	5	1.000000	1.000000	24.780128	1
0	500	1246	1	0	1	4	1.149478	1.000000	24.798922	1
1	616	1248	1	0	1	4	1.383612	1.000000	24.849049	1
0	0	1249	0	0	1	1	1.000000	1.000000	24.871023	1
0	1055	1252	0	0	1	6	1.000000	1.000000	24.945848	2
3	1165	1253	0	0	1	8	1.000000	1.000000	24.958679	3
1	1197	1254	1	0	1	5	1.090827	1.000000	24.965899	1
1	248	1255	0	0	0	3	1.000000	1.000000	24.981262	1
0	183	1256	1	0	1	2	1.029342	1.000000	24.992498	1
1	657	1257	1	0	0	5	1.040931	1.000000	24.996185	1
0	718	1258	0	0	1	5	1.000000	1.000000	25.007771	1
0	1035	1261	1	0	1	6	1.027818	1.000000	25.018629	1
1	36	1260	0	0	1	3	1.000000	1.000000	25.008156	1
0	754	1265	0	0	1	6	1.000000	1.000000	25.048542	1
0	1064	1263	0	0	1	3	1.000000	1.000000	25.027740	1
1	1098	1274	0	0	1	4	1.000000	1.000000	25.102150	9
1	16	1267	0	0	0	2	1.000000	1.000000	25.052780	1
1	1148	1268	2	0	1	4	1.455147	1.000000	25.056507	8
0	0	1269	0	0	1	1	1.000000	1.000000	25.058554	1
0	854	1271	0	0	1	4	1.000000	1.000000	25.060865	1
0	123	1273	0	0	1	5	1.000000	1.000000	25.073641	1
1	84	1275	0	0	0	2	1.000000	1.000000	25.102919	1
1	0	1279	0	0	1	1	1.000000	1.000000	25.106871	2
0	1014	1278	0	0	1	7	1.000000	1.000000	25.106344	1
0	1205	1280	1	0	1	3	1.128709	1.000000	25.107327	1
1	562	1281	1	0	0	4	1.001516	1.000000	25.119892	1
0	471	1282	0	0	1	5	1.000000	1.000000	25.140297	1
1	1154	1283	0	0	1	2	1.000000	1.000000	25.142841	1
0	223	1284	0	0	1	2	1.000000	1.000000	25.144800	1
0	471	1294	0	0	1	5	1.000000	1.000000	25.230473	1
0	774	1286	0	0	1	4	1.000000	1.000000	25.150820	1
7	1274	1293	0	0	1	5	1.000000	1.000000	25.227571	8
0	16	1297	0	0	1	2	1.000000	1.000000	25.257187	1
0	263	1299	0	0	1	4	1.000000	1.000000	25.270905	1
1	557	1300	0	0	1	3	1.000000	1.000000	25.275318	1
1	0	1303	0	0	0	1	1.000000	1.000000	25.286732	1
1	385	1304	0	0	0	6	1.000000	1.000000	25.307997	1
1	829	1306	0	0	1	4	1.000000	1.000000	25.324949	1
0	1168	1311	0	0	1	6	1.000000	1.000000	25.347742	1
0	896	1313	0	0	1	7	1.000000	1.000000	25.349966	1
0	183	1315	0	0	1	3	1.000000	1.000000	25.363728	1
1	0	1319	0	0	0	1	1.000000	1.000000	25.380001	1
1	796	1317	0	0	1	5	1.000000	1.000000	25.371725	3
1	1271	1323	0	0	1	5	1.000000	1.000000	25.417593	1
1	796	1321	1	0	1	4	1.013905	1.000000	25.397457	1
0	1233	1324	0	0	1	5	1.000000	1.000000	25.419968	1
4	940	1333	0	0	1	5	1.000000	1.000000	25.492064	5
1	563	1326	0	0	0	6	1.000000	1.000000	25.429121	1
0	1147	1331	1	0	1	4	1.024801	1.000000	25.460947	1
1	540	1329	0	0	0	5	1.000000	1.000000	25.449213	1
0	290	1334	0	0	1	6	1.000000	1.000000	25.507437	1
2	916	1335	0	0	1	6	1.000000	1.000000	25.515148	3
0	599	1336	0	0	1	3	1.000000	1.000000	25.516130	1
1	293	1337	0	0	1	2	1.000000	1.000000	25.517326	1
5	250	1341	0	0	1	4	1.000000	1.000000	25.540462	13
1	123	1339	0	0	1	5	1.000000	1.000000	25.533173	1
1	412	1340	0	0	1	7	1.000000	1.000000	25.533459	1
0	837	1350	1	0	1	3	1.037863	1.000000	25.572321	1
1	1280	1344	1	0	0	4	1.128709	1.000000	25.551966	1
0	385	1355	0	0	1	6	1.000000	1.000000	25.596554	1
1	0	1347	0	0	1	1	1.000000	1.000000	25.560265	1
4	1205	1348	1	0	1	3	1.128709	1.000000	25.568077	4
0	479	1357	1	0	1	3	1.063726	1.000000	25.604303	1
1	953	1354	0	0	0	7	1.000000	1.000000	25.593819	1
1	43	1356	0	0	0	2	1.000000	1.000000	25.597208	1
1	889	1365	0	0	1	4	1.000000	1.000000	25.652161	1
2	1268	1359	2	0	1	5	1.455147	1.000000	25.607821	7
0	916	1366	0	0	1	6	1.000000	1.000000	25.658918	1
1	1130	1369	1	0	0	4	1.383612	1.000000	25.675976	1
0	132	1370	0	0	1	2	1.000000	1.000000	25.677547	1
1	1315	1381	1	0	0	3	1.146118	1.000000	25.734877	1
1	772	1372	0	0	1	5	1.000000	1.000000	25.690691	1
0	185	1374	0	0	1	4	1.000000	1.000000	25.706255	1
1	378	1378	0	0	1	3	1.000000	1.000000	25.721033	1
0	817	1382	1	0	1	3	1.107598	1.000000	25.761971	1
1	1299	1383	0	0	0	5	1.000000	1.000000	25.775572	1
0	682	1384	0	0	1	4	1.000000	1.000000	25.776522	1
1	553	1390	1	0	0	5	1.268862	1.000000	25.801178	1
0	1263	1388	1	0	1	3	1.006013	1.000000	25.797731	1
0	553	1389	1	0	1	5	1.268862	1.000000	25.798223	1
1	79	1392	0	0	1	3	1.000000	1.000000	25.834259	1
0	1083	1399	0	0	1	6	1.000000	1.000000	25.885044	1
1	1252	1395	0	0	0	7	1.000000	1.000000	25.861679	1
3	227	1400	0	0	1	3	1.000000	1.000000	25.918629	3
0	616	1401	1	0	1	3	1.383612	1.000000	25.918789	1
1	1078	1404	0	0	1	3	1.000000	1.000000	25.936834	1
1	511	1403	0	0	0	2	1.000000	1.000000	25.928263	1
1	0	1405	0	0	1	1	1.000000	1.000000	25.951120	1
0	1060	1411	0	0	1	5	1.000000	1.000000	25.989708	1
0	994	1407	2	0	1	2	1.060482	1.000000	25.958370	1
1	543	1412	0	0	1	6	1.000000	1.000000	25.990719	1
1	0	1418	1	0	1	0	1.008980	1.000000	26.027155	1
1	1286	1419	0	0	0	5	1.000000	1.000000	26.032358	1
0	961	1416	0	0	1	3	1.000000	1.000000	26.001511	1
1	1258	1420	0	0	0	6	1.000000	1.000000	26.040194	1
2	1078	1421	0	0	1	3	1.000000	1.000000	26.047264	3
1	407	1422	1	0	1	3	1.083169	1.000000	26.051451	1
1	1069	1430	1	0	1	4	1.383612	1.000000	26.103477	1
1	818	1425	0	0	0	2	1.000000	1.000000	26.075756	1
1	338	1429	0	0	0	6	1.000000	1.000000	26.090170	1
5	1105	1428	1	0	1	6	1.013969	1.000000	26.088003	5
1	1003	1443	2	0	0	5	1.493084	1.000000	26.174603	1
9	1166	1442	0	0	1	8	1.000000	1.000000	26.168722	9
1	170	1440	0	0	0	3	1.000000	1.000000	26.159609	1
1	1032	1444	1	0	1	4	1.003330	1.000000	26.183014	1
0	254	1445	0	0	1	5	1.000000	1.000000	26.187254	1
1	1043	1447	1	0	0	4	1.383612	1.000000	26.219513	1
0	23	1448	0	0	1	2	1.000000	1.000000	26.224770	1
1	79	1449	1	0	0	2	1.095846	1.000000	26.244652	1
1	556	1450	0	0	1	3	1.000000	1.000000	26.247322	1
1	1196	1451	0	0	1	6	1.000000	1.000000	26.252882	3
0	16	1452	1	0	1	1	1.105466	1.000000	26.253988	1
0	1336	1453	0	0	1	4	1.000000	1.000000	26.254541	1
1	877	1454	0	0	1	3	1.000000	1.000000	26.255142	1
1	1023	1461	0	0	1	3	1.000000	1.000000	26.279436	1
1	1098	1458	0	0	0	4	1.000000	1.000000	26.273209	1
1	616	1460	1	0	0	3	1.383612	1.000000	26.279430	1
1	254	1462	0	0	1	5	1.000000	1.000000	26.289474	1
1	747	1464	0	0	0	3	1.000000	1.000000	26.316835	1
1	481	1466	1	0	0	2	1.033883	1.000000	26.340557	1
1	471	1468	1	0	0	4	1.018982	1.000000	26.348345	1
0	862	1471	1	0	1	5	1.041302	1.000000	26.367424	1
0	286	1470	1	0	1	4	1.053581	1.000000	26.361666	1
0	1249	1475	0	0	1	2	1.000000	1.000000	26.389948	1
1	267	1474	1	0	0	4	1.268862	1.000000	26.380854	1
1	1203	1482	0	0	0	2	1.000000	1.000000	26.446007	1
0	241	1481	0	0	1	4	1.000000	1.000000	26.445190	1
0	1313	1489	0	0	1	8	1.000000	1.000000	26.500868	1
4	796	1486	0	0	1	5	1.000000	1.000000	26.455046	5
0	472	1490	0	0	1	5	1.000000	1.000000	26.502491	1
1	883	1488	0	0	1	6	1.000000	1.000000	26.460896	2
1	553	1491	1	0	1	5	1.268862	1.000000	26.517143	2
1	1079	1495	1	0	1	4	1.383612	1.000000	26.532347	2
1	567	1493	1	0	1	5	1.003059	1.000000	26.518904	1
1	634	1496	0	0	0	6	1.000000	1.000000	26.539070	1
1	1279	1498	0	0	0	2	1.000000	1.000000	26.542952	1
1	1078	1506	0	0	1	3	1.000000	1.000000	26.582003	1
1	509	1505	0	0	0	8	1.000000	1.000000	26.577789	1
1	1140	1503	0	0	0	6	1.000000	1.000000	26.569487	1
0	1334	1507	0	0	1	7	1.000000	1.000000	26.586903	1
0	183	1510	1	0	1	2	1.149032	1.000000	26.637335	2
1	691	1511	0	0	0	3	1.000000	1.000000	26.638115	1
0	1331	1515	1	0	1	5	1.024801	1.000000	26.668835	1
1	385	1525	0	0	1	6	1.000000	1.000000	26.701544	1
0	962	1517	0	0	1	4	1.000000	1.000000	26.675264	1
1	1118	1522	0	0	1	6	1.000000	1.000000	26.686357	1
1	1495	1520	1	0	0	5	1.383612	1.000000	26.685173	1
1	639	1526	0	0	0	3	1.000000	1.000000	26.714550	1
0	273	1534	0	0	1	4	1.000000	1.000000	26.770231	1
7	1069	1528	1	0	1	4	1.383612	1.000000	26.720728	13
1	703	1537	0	0	1	4	1.000000	1.000000	26.792919	1
1	932	1536	0	0	0	3	1.000000	1.000000	26.788435	1
0	1355	1540	0	0	1	7	1.000000	1.000000	26.810923	1
1	1366	1545	0	0	0	7	1.000000	1.000000	26.829426	1
1	0	1542	0	0	0	1	1.000000	1.000000	26.814148	1
0	385	1543	0	0	1	6	1.000000	1.000000	26.823174	1
1	1261	1544	1	0	0	7	1.027818	1.000000	26.824539	1
0	1246	1546	1	0	1	5	1.149478	1.000000	26.848038	1
0	714	1547	0	0	1	4	1.000000	1.000000	26.850729	1
1	796	1553	0	0	0	5	1.000000	1.000000	26.874353	1
1	267	1550	1	0	1	4	1.268862	1.000000	26.863628	1
0	1388	1555	1	0	1	4	1.006013	1.000000	26.938023	1
1	567	1556	1	0	0	5	1.003059	1.000000	26.947906	1
1	183	1557	1	0	0	2	1.022243	1.000000	26.959167	1
0	1079	1558	1	0	1	4	1.383612	1.000000	26.979412	1
1	281	1559	0	0	0	2	1.000000	1.000000	26.981054	1
1	98	1562	1	0	0	2	1.072363	1.000000	27.022398	1
1	281	1563	0	0	0	2	1.000000	1.000000	27.026451	1
0	1384	1577	0	0	1	5	1.000000	1.000000	27.120377	1
0	894	1568	0	0	1	4	1.000000	1.000000	27.060980	1
0	281	1592	0	0	1	2	1.000000	1.000000	27.190231	1
0	1510	1576	1	0	1	3	1.149032	1.000000	27.117985	2
0	860	1580	0	0	1	6	1.000000	1.000000	27.133047	1
1	855	1582	0	0	0	3	1.000000	1.000000	27.160444	1
1	538	1584	0	0	1	3	1.000000	1.000000	27.161970	1
0	1169	1585	1	0	1	5	1.013474	1.000000	27.166168	1
0	471	1586	0	0	1	5	1.000000	1.000000	27.166216	1
1	940	1593	0	0	1	5	1.000000	1.000000	27.200861	2
0	873	1588	0	0	1	5	1.000000	1.000000	27.167362	1
1	1471	1589	1	0	0	6	1.041302	1.000000	27.169090	1
1	978	1594	1	0	1	3	1.195405	1.000000	27.214569	1
1	1099	1595	1	0	0	7	1.268862	1.000000	27.215725	1
1	1200	1597	0	0	1	5	1.000000	1.000000	27.223011	1
1	1507	1601	0	0	0	8	1.000000	1.000000	27.238775	1
0	712	1605	0	0	1	5	1.000000	1.000000	27.249563	1
1	22	1616	0	0	1	2	1.000000	1.000000	27.329121	1
1	36	1607	0	0	1	3	1.000000	1.000000	27.260389	1
0	183	1610	0	0	1	3	1.000000	1.000000	27.282579	1
1	1166	1615	0	0	0	8	1.000000	1.000000	27.315449	1
1	36	1617	0	0	1	3	1.000000	1.000000	27.341757	1
5	16	1619	0	0	0	3	1.000000	1.000000	27.389303	5
1	84	1620	0	0	1	2	1.000000	1.000000	27.397369	1
1	1588	1627	0	0	0	7	1.000000	1.000000	27.449537	1
1	1546	1626	1	0	1	6	1.149478	1.000000	27.434238	1
1	1445	1631	0	0	0	6	1.000000	1.000000	27.471453	1
0	1123	1630	2	0	1	5	1.284807	1.000000	27.458757	1
1	1491	1633	1	0	0	6	1.268862	1.000000	27.480959	1
0	183	1634	0	0	1	3	1.000000	1.000000	27.514994	1
1	1555	1639	1	0	0	5	1.006013	1.000000	27.535952	1
1	834	1638	1	0	0	6	1.003059	1.000000	27.530371	1
1	1024	1640	0	0	1	3	1.000000	1.000000	27.542408	1
1	1370	1641	0	0	0	3	1.000000	1.000000	27.543119	1
1	1407	1642	2	0	0	3	1.060482	1.000000	27.548166	1
1	547	1644	0	0	0	6	1.000000	1.000000	27.566135	1
0	1079	1650	1	0	1	4	1.383612	1.000000	27.587885	1
1	1192	1649	0	0	0	4	1.000000	1.000000	27.584661	1
1	945	1654	0	0	1	8	1.000000	1.000000	27.615997	1
0	471	1653	0	0	1	5	1.000000	1.000000	27.607359	1
1	1341	1655	0	0	0	5	1.000000	1.000000	27.637407	1
0	1341	1658	0	0	1	5	1.000000	1.000000	27.658831	5
1	1593	1657	0	0	0	6	1.000000	1.000000	27.650358	1
1	168	1660	0	0	0	3	1.000000	1.000000	27.680779	1
0	1630	1661	2	0	1	6	1.284807	1.000000	27.685955	1
1	211	1663	0	0	0	4	1.000000	1.000000	27.696781	1
1	1175	1664	0	0	1	7	1.000000	1.000000	27.700117	2
1	1333	1665	0	0	0	6	1.000000	1.000000	27.718988	1
1	553	1669	1	0	1	5	1.268862	1.000000	27.746828	2
0	553	1670	1	0	1	5	1.268862	1.000000	27.746828	1
0	1068	1672	1	0	1	4	1.120702	1.000000	27.766884	1
1	871	1675	0	0	0	5	1.000000	1.000000	27.786764	1
1	79	1679	0	0	0	3	1.000000	1.000000	27.803490	1
1	938	1682	1	0	0	2	1.002821	1.000000	27.813013	1
1	565	1681	0	0	0	6	1.000000	1.000000	27.808832	1
1	500	1683	0	0	0	3	1.000000	1.000000	27.816753	1
1	1411	1684	0	0	0	6	1.000000	1.000000	27.827782	1
1	0	1686	0	0	0	1	1.000000	1.000000	27.837999	1
2	23	1687	1	0	0	1	1.217627	1.000000	27.841148	2
1	794	1688	0	0	0	6	1.000000	1.000000	27.841236	1
0	764	1691	0	0	1	3	1.000000	1.000000	27.857901	1
1	471	1693	0	0	0	5	1.000000	1.000000	27.870758	1
1	1089	1694	0	0	0	6	1.000000	1.000000	27.878839	1
1	425	1695	0	0	0	2	1.000000	1.000000	27.879183	1
1	1207	1696	0	0	1	6	1.000000	1.000000	27.893602	1
1	759	1697	0	0	0	5	1.000000	1.000000	27.896914	1
1	1078	1704	0	0	0	3	1.000000	1.000000	27.951118	1
0	471	1700	0	0	1	5	1.000000	1.000000	27.935032	1
1	1580	1713	0	0	1	7	1.000000	1.000000	27.991304	1
0	1359	1702	2	0	1	6	1.455147	1.000000	27.937592	1
0	1350	1706	2	0	1	3	1.159368	1.000000	27.957661	1
2	500	1714	0	0	1	3	1.000000	1.000000	27.994095	2
1	1670	1709	1	0	0	6	1.268862	1.000000	27.965164	1
0	1079	1718	2	0	1	3	1.515853	1.000000	28.018509	1
1	0	1717	1	0	1	0	1.104226	1.000000	28.011526	1
0	1072	1719	1	0	1	5	1.121654	1.000000	28.036549	1
1	1610	1720	0	0	0	4	1.000000	1.000000	28.041872	1
1	1230	1726	1	0	0	4	1.137217	1.000000	28.065693	1
1	1170	1723	0	0	1	6	1.000000	1.000000	28.052370	5
1	1135	1728	2	0	0	2	1.336902	1.000000	28.086073	1
0	1399	1730	0	0	1	7	1.000000	1.000000	28.108799	1
1	719	1731	0	0	0	3	1.000000	1.000000	28.117380	1
2	553	1734	1	0	0	5	1.268862	1.000000	28.127310	2
1	1205	1735	1	0	0	3	1.128709	1.000000	28.133175	1
1	1700	1736	1	0	0	6	1.078021	1.000000	28.147976	1
0	350	1741	3	0	1	4	1.469560	1.000000	28.168413	1
1	1166	1738	0	0	0	8	1.000000	1.000000	28.150532	1
1	1517	1743	0	0	0	5	1.000000	1.000000	28.193272	1
1	183	1748	1	0	0	3	1.034979	1.000000	28.227196	1
1	879	1746	0	0	0	5	1.000000	1.000000	28.207714	1
1	84	1749	0	0	0	2	1.000000	1.000000	28.230299	1
1	657	1754	0	0	1	6	1.000000	1.000000	28.278646	1
1	1719	1752	1	0	0	6	1.121654	1.000000	28.248081	1
0	183	1755	0	0	1	3	1.000000	1.000000	28.278690	1
1	11	1756	0	0	0	3	1.000000	1.000000	28.279699	1
1	1109	1762	0	0	0	5	1.000000	1.000000	28.300383	1
1	1658	1758	0	0	1	6	1.000000	1.000000	28.290958	4
1	182	1768	0	0	0	3	1.000000	1.000000	28.334700	1
0	2	1770	0	0	1	2	1.000000	1.000000	28.341116	1
0	922	1793	0	0	1	6	1.000000	1.000000	28.432734	1
1	1061	1772	0	0	1	6	1.000000	1.000000	28.356270	1
1	998	1774	1	0	0	2	1.013306	1.000000	28.365000	1
1	1133	1776	1	0	0	2	1.074431	1.000000	28.382109	1
1	1416	1778	0	0	1	4	1.000000	1.000000	28.385408	1
1	577	1790	0	0	0	2	1.000000	1.000000	28.412363	1
1	1374	1781	0	0	1	5	1.000000	1.000000	28.388929	1
1	1515	1787	1	0	0	6	1.024801	1.000000	28.405975	1
1	1079	1783	1	0	0	4	1.383612	1.000000	28.389141	1
1	1528	1785	1	0	0	5	1.383612	1.000000	28.392937	1
1	1489	1789	0	0	0	9	1.000000	1.000000	28.408289	1
1	360	1794	0	0	0	3	1.000000	1.000000	28.440958	1
1	1755	1795	0	0	1	4	1.000000	1.000000	28.440977	1
1	1650	1798	1	0	0	5	1.383612	1.000000	28.456282	1
1	1534	1797	0	0	0	5	1.000000	1.000000	28.451336	1
0	796	1800	0	0	1	5	1.000000	1.000000	28.462805	1
1	1486	1801	0	0	0	6	1.000000	1.000000	28.463793	1
1	837	1802	0	0	0	4	1.000000	1.000000	28.472443	1
1	1252	1805	0	0	0	7	1.000000	1.000000	28.475868	1
0	1208	1804	0	0	1	5	1.000000	1.000000	28.474405	1
1	1284	1806	1	0	0	2	1.061154	1.000000	28.478123	1
1	870	1816	0	0	0	6	1.000000	1.000000	28.519855	1
1	1278	1808	0	0	0	8	1.000000	1.000000	28.480089	1
1	1357	1812	1	0	0	4	1.063726	1.000000	28.509941	1
1	616	1814	1	0	1	3	1.383612	1.000000	28.515007	1
1	23	1815	1	0	0	1	1.017373	1.000000	28.515326	1
1	1528	1819	1	0	1	5	1.383612	1.000000	28.540022	3
2	471	1820	0	0	0	5	1.000000	1.000000	28.544615	2
2	1359	1821	2	0	0	6	1.455147	1.000000	28.552206	2
2	837	1822	0	0	0	4	1.000000	1.000000	28.567369	2
3	1069	1823	1	0	1	4	1.383612	1.000000	28.568747	8
1	259	1836	0	0	0	4	1.000000	1.000000	28.619875	1
0	915	1825	1	0	1	3	1.034126	1.000000	28.577641	2
1	1256	1826	1	0	0	3	1.029342	1.000000	28.582645	1
0	1451	1828	0	0	1	7	1.000000	1.000000	28.589657	2
0	1547	1834	0	0	1	5	1.000000	1.000000	28.609995	1
1	937	1830	0	0	0	7	1.000000	1.000000	28.594112	1
1	1006	1850	0	0	0	7	1.000000	1.000000	28.694252	1
0	553	1837	1	0	1	5	1.268862	1.000000	28.620701	1
1	979	1838	0	0	0	5	1.000000	1.000000	28.622459	1
0	1576	1847	1	0	1	4	1.149032	1.000000	28.681190	1
2	553	1848	1	0	0	5	1.268862	1.000000	28.685303	2
0	1741	1849	3	0	1	5	1.469560	1.000000	28.688902	1
1	1086	1852	0	0	0	4	1.000000	1.000000	28.704191	1
1	1169	1854	0	0	0	6	1.000000	1.000000	28.731270	1
2	1169	1855	0	0	0	6	1.000000	1.000000	28.731270	2
2	796	1857	0	0	0	5	1.000000	1.000000	28.743258	2
1	0	1865	0	0	1	1	1.000000	1.000000	28.780394	1
1	1528	1859	1	0	1	5	1.383612	1.000000	28.762564	1
2	281	1860	0	0	1	3	1.000000	1.000000	28.765936	4
2	796	1875	0	0	0	6	1.000000	1.000000	28.821518	2
1	0	1862	0	0	0	1	1.000000	1.000000	28.777029	1
1	1191	1864	0	0	0	6	1.000000	1.000000	28.780005	1
1	1156	1874	0	0	0	5	1.000000	1.000000	28.815441	1
1	602	1878	1	0	0	2	1.031538	1.000000	28.843834	1
1	1540	1877	0	0	0	8	1.000000	1.000000	28.824841	1
1	1421	1889	0	0	0	4	1.000000	1.000000	28.885294	1
1	1558	1883	1	0	0	5	1.383612	1.000000	28.859787	1
0	539	1888	0	0	1	3	1.000000	1.000000	28.881021	1
0	494	1890	0	0	1	6	1.000000	1.000000	28.894484	1
0	1053	1885	2	0	1	5	1.405935	1.000000	28.863108	1
1	703	1886	0	0	0	4	1.000000	1.000000	28.865202	1
0	1888	1895	0	0	1	4	1.000000	1.000000	28.909117	1
1	1890	1894	0	0	0	7	1.000000	1.000000	28.908545	1
1	1105	1896	1	0	1	6	1.013969	1.000000	28.913908	3
1	1828	1898	0	0	1	8	1.000000	1.000000	28.924282	2
1	1481	1900	0	0	0	5	1.000000	1.000000	28.927757	1
1	471	1901	0	0	1	5	1.000000	1.000000	28.932369	1
1	657	1902	0	0	0	6	1.000000	1.000000	28.946957	1
1	227	1909	0	0	1	3	1.000000	1.000000	28.970499	1
3	1723	1905	0	0	1	7	1.000000	1.000000	28.954708	3
0	481	1908	0	0	1	3	1.000000	1.000000	28.965258	1
1	955	1910	0	0	0	8	1.000000	1.000000	28.974144	1
1	1706	1913	2	0	0	4	1.159368	1.000000	29.001856	1
1	2	1914	0	0	1	3	1.000000	1.000000	29.002169	1
0	1141	1916	0	0	1	5	1.000000	1.000000	29.022240	1
1	36	1917	0	0	0	3	1.000000	1.000000	29.022966	1
1	1090	1918	1	0	0	4	1.088823	1.000000	29.046696	1
1	1317	1919	0	0	0	6	1.000000	1.000000	29.057610	1
1	1669	1920	1	0	0	6	1.268862	1.000000	29.063986	1
1	1658	1921	1	0	0	5	1.117087	1.000000	29.074192	1
1	0	1922	0	0	0	1	1.000000	1.000000	29.075901	1
2	553	1923	1	0	0	5	1.268862	1.000000	29.076870	2
1	1282	1924	0	0	0	6	1.000000	1.000000	29.078007	1
1	1672	1928	1	0	0	5	1.120702	1.000000	29.091595	1
1	1860	1927	0	0	1	4	1.000000	1.000000	29.081493	2
0	220	1937	0	0	1	4	1.000000	1.000000	29.161032	1
2	1758	1933	0	0	0	7	1.000000	1.000000	29.121214	2
1	462	1932	0	0	0	6	1.000000	1.000000	29.111973	1
1	1294	1935	0	0	0	6	1.000000	1.000000	29.136044	1
1	926	1936	1	0	0	5	1.007565	1.000000	29.136337	1
1	1488	1938	0	0	0	7	1.000000	1.000000	29.161674	1
1	1800	1945	0	0	0	6	1.000000	1.000000	29.176451	1
1	1823	1944	1	0	0	5	1.383612	1.000000	29.172655	1
1	903	1941	1	0	0	5	1.229690	1.000000	29.166788	1
1	556	1943	0	0	0	3	1.000000	1.000000	29.171282	1
1	106	1946	0	0	0	5	1.000000	1.000000	29.183464	1
1	265	1947	1	0	0	4	1.030959	1.000000	29.183741	1
1	1359	1951	2	0	0	6	1.455147	1.000000	29.195829	1
1	293	1949	0	0	0	2	1.000000	1.000000	29.188251	1
1	79	1950	0	0	1	3	1.000000	1.000000	29.191513	1
1	795	1952	0	0	0	8	1.000000	1.000000	29.205774	1
0	769	1953	0	0	1	6	1.000000	1.000000	29.210831	1
0	1908	1954	0	0	1	4	1.000000	1.000000	29.211308	1
1	1927	1955	0	0	0	5	1.000000	1.000000	29.212107	1
1	1895	1958	0	0	0	5	1.000000	1.000000	29.245728	1
1	1896	1957	1	0	0	7	1.013969	1.000000	29.215218	1
1	600	1959	0	0	0	4	1.000000	1.000000	29.259745	1
1	36	1964	0	0	0	3	1.000000	1.000000	29.283987	1
1	281	1963	1	0	0	1	1.025533	1.000000	29.281157	1
1	1823	1972	1	0	0	5	1.383612	1.000000	29.338881	1
1	1770	1966	0	0	0	4	1.000000	1.000000	29.291599	1
1	1151	1967	0	0	0	5	1.000000	1.000000	29.294508	1
1	1586	1973	0	0	0	6	1.000000	1.000000	29.341875	1
0	1730	1971	0	0	1	8	1.000000	1.000000	29.331236	1
0	603	1977	0	0	1	3	1.000000	1.000000	29.349669	1
0	1592	1975	1	0	1	2	1.015789	1.000000	29.346209	1
1	1653	1978	0	0	0	6	1.000000	1.000000	29.378031	1
1	84	1980	0	0	1	3	1.000000	1.000000	29.391348	1
1	742	1981	0	0	0	4	1.000000	1.000000	29.393276	1
1	414	1982	0	0	0	3	1.000000	1.000000	29.393806	1
1	1723	1984	0	0	0	7	1.000000	1.000000	29.398367	1
1	1341	1985	0	0	1	5	1.000000	1.000000	29.400978	1
1	1265	1987	0	0	0	7	1.000000	1.000000	29.424038	1
1	1490	1988	0	0	0	6	1.000000	1.000000	29.425970	1
3	471	1990	0	0	0	5	1.000000	1.000000	29.432266	3
1	16	1991	0	0	0	2	1.000000	1.000000	29.438852	1
0	1577	1994	0	0	1	6	1.000000	1.000000	29.452078	1
1	1123	1993	2	0	0	5	1.284807	1.000000	29.443653	1
1	1994	1998	0	0	0	7	1.000000	1.000000	29.477980	1
0	13	1997	1	0	1	1	1.188358	1.000000	29.475958	1
0	22	2011	0	0	1	2	1.000000	1.000000	29.525663	1
1	1273	2006	0	0	0	6	1.000000	1.000000	29.504026	1
1	837	2009	0	0	0	4	1.000000	1.000000	29.519873	1
1	1051	2002	0	0	0	5	1.000000	1.000000	29.489277	1
1	1661	2003	2	0	1	7	1.284807	1.000000	29.489622	1
1	328	2013	0	0	0	4	1.000000	1.000000	29.541994	1
1	1605	2014	1	0	0	5	1.037533	1.000000	29.542021	1
2	1819	2015	1	0	0	6	1.383612	1.000000	29.547510	2
1	1293	2024	0	0	0	7	1.000000	1.000000	29.598076	1
1	1977	2025	0	0	0	4	1.000000	1.000000	29.603323	1
1	1382	2022	1	0	1	4	1.107598	1.000000	29.575317	1
3	1823	2028	1	0	0	5	1.383612	1.000000	29.619165	3
1	123	2031	1	0	0	4	1.072942	1.000000	29.641273	1
1	1664	2030	0	0	0	8	1.000000	1.000000	29.629000	1
0	1359	2033	2	0	1	6	1.455147	1.000000	29.655422	1
1	1389	2034	2	0	0	5	1.631444	1.000000	29.656263	1
1	267	2040	1	0	0	4	1.268862	1.000000	29.670864	1
1	1585	2043	1	0	0	6	1.013474	1.000000	29.683632	1
1	471	2053	0	0	0	5	1.000000	1.000000	29.717972	1
1	455	2038	1	0	0	2	1.320535	1.000000	29.666740	1
1	1470	2046	1	0	0	5	1.053581	1.000000	29.690825	1
1	1837	2049	1	0	0	6	1.268862	1.000000	29.705450	1
1	1069	2054	1	0	0	4	1.383612	1.000000	29.726889	1
1	796	2052	0	0	0	6	1.000000	1.000000	29.715111	1
1	2011	2072	1	0	1	2	1.131280	1.000000	29.799444	1
1	1238	2056	0	0	0	6	1.000000	1.000000	29.728199	1
1	479	2058	0	0	0	4	1.000000	1.000000	29.730511	1
1	553	2064	1	0	0	5	1.268862	1.000000	29.757858	1
0	459	2062	1	0	1	3	1.193050	1.000000	29.752617	1
3	871	2065	0	0	1	5	1.000000	1.000000	29.762552	4
1	832	2067	1	0	0	2	1.008630	1.000000	29.780561	1
1	1576	2068	2	0	0	3	1.238676	1.000000	29.781256	1
1	1954	2073	0	0	0	5	1.000000	1.000000	29.800756	1
1	631	2071	0	0	0	2	1.000000	1.000000	29.795647	1
1	1953	2076	0	0	0	7	1.000000	1.000000	29.846804	1
1	23	2083	0	0	0	2	1.000000	1.000000	29.855360	1
1	1834	2078	0	0	0	6	1.000000	1.000000	29.847471	1
1	471	2079	0	0	0	5	1.000000	1.000000	29.847672	1
1	471	2080	0	0	0	5	1.000000	1.000000	29.847672	1
1	538	2082	0	0	0	3	1.000000	1.000000	29.851334	1
1	1448	2085	0	0	0	3	1.000000	1.000000	29.861593	1
0	0	2086	0	0	1	1	1.000000	1.000000	29.862583	1
1	796	2087	0	0	1	5	1.000000	1.000000	29.863077	1
1	1528	2088	1	0	0	5	1.383612	1.000000	29.872656	1
0	1847	2089	1	0	1	5	1.149032	1.000000	29.875278	1
1	379	2091	1	0	0	2	1.143814	1.000000	29.883549	1
1	471	2092	0	0	0	5	1.000000	1.000000	29.888050	1
1	1475	2095	0	0	0	3	1.000000	1.000000	29.904339	1
0	1293	2096	0	0	1	6	1.000000	1.000000	29.909204	0
1	1793	2097	0	0	0	7	1.000000	1.000000	29.911478	1
1	1691	2104	0	0	1	4	1.000000	1.000000	29.935991	1
1	916	2099	0	0	0	6	1.000000	1.000000	29.918295	1
1	1297	2102	0	0	0	3	1.000000	1.000000	29.928743	1
1	1105	2101	1	0	0	7	1.013969	1.000000	29.923576	1
1	263	2103	0	0	0	4	1.000000	1.000000	29.929052	1
1	263	2111	0	0	1	4	1.000000	1.000000	29.966640	1
1	2086	2110	0	0	0	2	1.000000	1.000000	29.963158	1
1	1169	2109	0	0	0	6	1.000000	1.000000	29.961136	1
1	471	2113	0	0	0	5	1.000000	1.000000	29.979122	1
1	1401	2118	1	0	0	4	1.383612	1.000000	30.004135	1
1	1804	2117	0	0	0	6	1.000000	1.000000	30.001062	1
1	1335	2119	0	0	0	7	1.000000	1.000000	30.008741	1
1	871	2129	0	0	0	5	1.000000	1.000000	30.082001	1
1	1244	2121	1	0	0	5	1.272890	1.000000	30.014648	1
1	1543	2125	0	0	0	7	1.000000	1.000000	30.024277	1
1	1453	2130	0	0	0	5	1.000000	1.000000	30.082409	1
1	1758	2133	0	0	0	7	1.000000	1.000000	30.111727	1
1	1702	2132	2	0	0	7	1.455147	1.000000	30.095381	1
1	1324	2138	0	0	0	6	1.000000	1.000000	30.125462	1
1	1634	2135	0	0	0	4	1.000000	1.000000	30.115904	1
1	1311	2144	0	0	0	7	1.000000	1.000000	30.145935	1
1	399	2140	0	0	0	4	1.000000	1.000000	30.131027	1
1	625	2146	1	0	0	2	1.025823	1.000000	30.151175	1
1	2033	2145	2	0	0	7	1.455147	1.000000	30.147032	1
1	293	2143	0	0	0	2	1.000000	1.000000	30.137169	1
1	1269	2154	0	0	0	2	1.000000	1.000000	30.180593	1
1	1079	2148	1	0	1	4	1.383612	1.000000	30.157232	1
1	471	2152	0	0	0	5	1.000000	1.000000	30.177799	1
1	404	2151	0	0	0	4	1.000000	1.000000	30.167877	1
1	1188	2165	0	0	0	5	1.000000	1.000000	30.215242	1
1	1997	2156	1	0	0	2	1.188358	1.000000	30.181868	1
1	1885	2158	2	0	0	6	1.405935	1.000000	30.186098	1
1	361	2161	0	0	0	2	1.000000	1.000000	30.205046	1
1	1937	2164	1	0	0	4	1.174427	1.000000	30.210213	1
1	183	2166	0	0	1	3	1.000000	1.000000	30.223604	2
1	1916	2168	0	0	0	6	1.000000	1.000000	30.235624	1
0	445	2169	2	0	1	2	1.295659	1.000000	30.235928	1
1	1227	2170	0	0	0	5	1.000000	1.000000	30.242619	1
1	1317	2171	0	0	0	6	1.000000	1.000000	30.253656	1
1	471	2175	1	0	0	4	1.004720	1.000000	30.266756	1
1	2169	2174	2	0	0	3	1.295659	1.000000	30.266048	1
1	1975	2176	1	0	0	3	1.015789	1.000000	30.267874	1
1	812	2190	0	0	0	4	1.000000	1.000000	30.318718	1
1	927	2186	0	0	1	4	1.000000	1.000000	30.315233	1
1	193	2181	0	0	0	4	1.000000	1.000000	30.296274	1
1	1341	2195	0	0	0	5	1.000000	1.000000	30.347708	1
1	2062	2187	1	0	0	4	1.193050	1.000000	30.315296	1
1	1105	2193	1	0	0	6	1.013969	1.000000	30.337778	1
1	2089	2196	1	0	0	6	1.149032	1.000000	30.349203	1
1	617	2197	1	0	0	3	1.146173	1.000000	30.350014	1
1	1971	2198	1	0	0	8	1.069907	1.000000	30.352400	1
0	1105	2199	1	0	1	6	1.013969	1.000000	30.363121	1
1	2065	2200	0	0	0	6	1.000000	1.000000	30.364115	1
1	1568	2201	0	0	0	5	1.000000	1.000000	30.368450	1
1	471	2202	0	0	0	5	1.000000	1.000000	30.376339	1
1	657	2203	0	0	0	6	1.000000	1.000000	30.379128	1
1	1849	2205	3	0	0	6	1.469560	1.000000	30.382551	1
1	2166	2209	0	0	0	4	1.000000	1.000000	30.393312	1
1	1224	2208	0	0	0	4	1.000000	1.000000	30.391317	1
1	2199	2210	2	0	0	6	1.176986	1.000000	30.393982	1
1	1718	2214	3	0	0	3	1.911936	1.000000	30.396610	1
2	1825	2212	1	0	0	4	1.034126	1.000000	30.394957	2
1	1452	2218	1	0	0	2	1.105466	1.000000	30.423431	1
1	1898	2215	0	0	0	9	1.000000	1.000000	30.399580	1
1	1896	2222	1	0	0	7	1.013969	1.000000	30.433956	1
1	929	2220	0	0	0	10	1.000000	1.000000	30.427210	1
1	471	2228	0	0	0	5	1.000000	1.000000	30.447685	1
1	120	2224	0	0	0	3	1.000000	1.000000	30.435808	1
1	293	2225	0	0	0	2	1.000000	1.000000	30.435938	1
1	1169	2231	0	0	0	6	1.000000	1.000000	30.452898	1
1	1161	2236	0	0	0	6	1.000000	1.000000	30.482925	1
1	531	2235	1	0	0	3	1.049599	1.000000	30.479563	1
