inverse_frequency	cumulative_count
1	0
2	1
3	2
4	2
5	2
6	5
7	5
8	6
9	6
10	6
11	6
12	8
13	10
14	10
15	11
16	11
17	11
18	11
19	11
20	11
21	13
22	13
23	13
24	13
25	13
26	13
27	13
28	13
29	13
30	13
31	13
32	13
33	13
34	20
35	20
36	20
37	20
38	20
39	20
40	20
41	20
42	20
43	20
44	20
45	20
46	20
47	20
48	20
49	20
50	20
51	35
52	35
53	35
54	35
55	35
56	35
57	35
58	35
59	35
60	35
61	35
62	35
63	35
64	35
65	35
66	35
67	35
68	35
69	35
70	35
71	35
72	35
73	35
74	35
75	35
76	35
77	35
78	35
79	35
80	35
81	35
82	35
83	35
84	35
85	35
86	35
87	35
88	35
89	35
90	35
91	35
92	35
93	35
94	35
95	35
96	35
97	35
98	35
99	35
100	35
101	106
102	106
103	106
104	106
105	106
106	106
107	106
108	106
109	106
110	106
111	106
112	106
113	106
114	106
115	106
116	106
117	106
118	106
119	106
120	106
121	106
122	106
123	106
124	106
125	106
126	106
127	106
128	106
129	106
130	106
131	106
132	106
133	106
134	106
135	106
136	106
137	106
138	106
139	106
140	106
141	106
142	106
143	106
144	106
145	106
146	106
147	106
148	106
149	106
150	106
151	106
152	106
153	106
154	106
155	106
156	106
157	106
158	106
159	106
160	106
161	106
162	106
163	106
164	106
165	106
166	106
167	106
168	106
169	106
170	106
171	106
172	106
173	106
174	106
175	106
176	106
177	106
178	106
179	106
180	106
181	106
182	106
183	106
184	106
185	106
186	106
187	106
188	106
189	106
190	106
191	106
192	106
193	106
194	106
195	106
196	106
197	106
198	106
199	106
200	106
201	106
202	106
203	106
204	106
205	106
206	106
207	106
208	106
209	106
210	106
211	106
212	106
213	106
214	106
215	106
216	106
217	106
218	106
219	106
220	106
221	106
222	106
223	106
224	106
225	106
226	106
227	106
228	106
229	106
230	106
231	106
232	106
233	106
234	106
235	106
236	106
237	106
238	106
239	106
240	106
241	106
242	106
243	106
244	106
245	106
246	106
247	106
248	106
249	106
250	106
251	106
252	106
253	106
254	106
255	106
256	106
257	106
258	106
259	106
260	106
261	106
262	106
263	106
264	106
265	106
266	106
267	106
268	106
269	106
270	106
271	106
272	106
273	106
274	106
275	106
276	106
277	106
278	106
279	106
280	106
281	106
282	106
283	106
284	106
285	106
286	106
287	106
288	106
289	106
290	106
291	106
292	106
293	106
294	106
295	106
296	106
297	106
298	106
299	106
300	106
301	106
302	106
303	106
304	106
305	106
306	106
307	106
308	106
309	106
310	106
311	106
312	106
313	106
314	106
315	106
316	106
317	106
318	106
319	106
320	106
321	106
322	106
323	106
324	106
325	106
326	106
327	106
328	106
329	106
330	106
331	106
332	106
333	106
334	106
335	106
336	106
337	106
338	106
339	106
340	106
341	106
342	106
343	106
344	106
345	106
346	106
347	106
348	106
349	106
350	106
351	106
352	106
353	106
354	106
355	106
356	106
357	106
358	106
359	106
360	106
361	106
362	106
363	106
364	106
365	106
366	106
367	106
368	106
369	106
370	106
371	106
372	106
373	106
374	106
375	106
376	106
377	106
378	106
379	106
380	106
381	106
382	106
383	106
384	106
385	106
386	106
387	106
388	106
389	106
390	106
391	106
392	106
393	106
394	106
395	106
396	106
397	106
398	106
399	106
400	106
401	106
402	106
403	106
404	106
405	106
406	106
407	106
408	106
409	106
410	106
411	106
412	106
413	106
414	106
415	106
416	106
417	106
418	106
419	106
420	106
421	106
422	106
423	106
424	106
425	106
426	106
427	106
428	106
429	106
430	106
431	106
432	106
433	106
434	106
435	106
436	106
437	106
438	106
439	106
440	106
441	106
442	106
443	106
444	106
445	106
446	106
447	106
448	106
449	106
450	106
451	106
452	106
453	106
454	106
455	106
456	106
457	106
458	106
459	106
460	106
461	106
462	106
463	106
464	106
465	106
466	106
467	106
468	106
469	106
470	106
471	106
472	106
473	106
474	106
475	106
476	106
477	106
478	106
479	106
480	106
481	106
482	106
483	106
484	106
485	106
486	106
487	106
488	106
489	106
490	106
491	106
492	106
493	106
494	106
495	106
496	106
497	106
498	106
499	106
500	106
501	106
502	106
503	106
504	106
505	106
506	106
507	106
508	106
509	106
510	106
511	106
512	106
513	106
514	106
515	106
516	106
517	106
518	106
519	106
520	106
521	106
522	106
523	106
524	106
525	106
526	106
527	106
528	106
529	106
530	106
531	106
532	106
533	106
534	106
535	106
536	106
537	106
538	106
539	106
540	106
541	106
542	106
543	106
544	106
545	106
546	106
547	106
548	106
549	106
550	106
551	106
552	106
553	106
554	106
555	106
556	106
557	106
558	106
559	106
560	106
561	106
562	106
563	106
564	106
565	106
566	106
567	106
568	106
569	106
570	106
571	106
572	106
573	106
574	106
575	106
576	106
577	106
578	106
579	106
580	106
581	106
582	106
583	106
584	106
585	106
586	106
587	106
588	106
589	106
590	106
591	106
592	106
593	106
594	106
595	106
596	106
597	106
598	106
599	106
600	106
601	106
602	106
603	106
604	106
605	106
606	106
607	106
608	106
609	106
610	106
611	106
612	106
613	106
614	106
615	106
616	106
617	106
618	106
619	106
620	106
621	106
622	106
623	106
624	106
625	106
626	106
627	106
628	106
629	106
630	106
631	106
632	106
633	106
634	106
635	106
636	106
637	106
638	106
639	106
640	106
641	106
642	106
643	106
644	106
645	106
646	106
647	106
648	106
649	106
650	106
651	106
652	106
653	106
654	106
655	106
656	106
657	106
658	106
659	106
660	106
661	106
662	106
663	106
664	106
665	106
666	106
667	106
668	106
669	106
670	106
671	106
672	106
673	106
674	106
675	106
676	106
677	106
678	106
679	106
680	106
681	106
682	106
683	106
684	106
685	106
686	106
687	106
688	106
689	106
690	106
691	106
692	106
693	106
694	106
695	106
696	106
697	106
698	106
699	106
700	106
701	106
702	106
703	106
704	106
705	106
706	106
707	106
708	106
709	106
710	106
711	106
712	106
713	106
714	106
715	106
716	106
717	106
718	106
719	106
720	106
721	106
722	106
723	106
724	106
725	106
726	106
727	106
728	106
729	106
730	106
731	106
732	106
733	106
734	106
735	106
736	106
737	106
738	106
739	106
740	106
741	106
742	106
743	106
744	106
745	106
746	106
747	106
748	106
749	106
750	106
751	106
752	106
753	106
754	106
755	106
756	106
757	106
758	106
759	106
760	106
761	106
762	106
763	106
764	106
765	106
766	106
767	106
768	106
769	106
770	106
771	106
772	106
773	106
774	106
775	106
776	106
777	106
778	106
779	106
780	106
781	106
782	106
783	106
784	106
785	106
786	106
787	106
788	106
789	106
790	106
791	106
792	106
793	106
794	106
795	106
796	106
797	106
798	106
799	106
800	106
801	106
802	106
803	106
804	106
805	106
806	106
807	106
808	106
809	106
810	106
811	106
812	106
813	106
814	106
815	106
816	106
817	106
818	106
819	106
820	106
821	106
822	106
823	106
824	106
825	106
826	106
827	106
828	106
829	106
830	106
831	106
832	106
833	106
834	106
835	106
836	106
837	106
838	106
839	106
840	106
841	106
842	106
843	106
844	106
845	106
846	106
847	106
848	106
849	106
850	106
851	106
852	106
853	106
854	106
855	106
856	106
857	106
858	106
859	106
860	106
861	106
862	106
863	106
864	106
865	106
866	106
867	106
868	106
869	106
870	106
871	106
872	106
873	106
874	106
875	106
876	106
877	106
878	106
879	106
880	106
881	106
882	106
883	106
884	106
885	106
886	106
887	106
888	106
889	106
890	106
891	106
892	106
893	106
894	106
895	106
896	106
897	106
898	106
899	106
900	106
901	106
902	106
903	106
904	106
905	106
906	106
907	106
908	106
909	106
910	106
911	106
912	106
913	106
914	106
915	106
916	106
917	106
918	106
919	106
920	106
921	106
922	106
923	106
924	106
925	106
926	106
927	106
928	106
929	106
930	106
931	106
932	106
933	106
934	106
935	106
936	106
937	106
938	106
939	106
940	106
941	106
942	106
943	106
944	106
945	106
946	106
947	106
948	106
949	106
950	106
951	106
952	106
953	106
954	106
955	106
956	106
957	106
958	106
959	106
960	106
961	106
962	106
963	106
964	106
965	106
966	106
967	106
968	106
969	106
970	106
971	106
972	106
973	106
974	106
975	106
976	106
977	106
978	106
979	106
980	106
981	106
982	106
983	106
984	106
985	106
986	106
987	106
988	106
989	106
990	106
991	106
992	106
993	106
994	106
995	106
996	106
997	106
998	106
999	106
1000	106
