0	1	1	1	1	1	1	1	1	1	1	1	1	1	1	1	1	1	1	1	1	2	2	1	1	1	1	1	2	1	1	1	1	1	1	1	1	1	1	1	1	1	1	1	1	1	3	1	2	2	1	1	1	1	1	1	1	1	1	1	1	1	2	1	1	1
-99	0	2	2	2	2	2	2	2	2	2	2	2	2	2	2	2	2	2	2	2	3	3	2	2	2	2	2	1	2	2	2	2	2	2	2	2	2	2	2	2	2	2	2	2	2	4	2	3	3	2	2	2	2	2	2	2	2	2	2	2	2	3	2	2	2
-99	-99	0	2	2	2	2	2	2	2	2	2	2	2	2	2	2	2	2	2	2	3	3	2	2	2	2	2	3	2	2	2	2	2	2	2	2	2	2	2	2	2	2	2	2	2	4	2	3	3	2	2	2	2	2	2	2	2	2	2	2	2	3	2	2	2
-99	-99	-99	0	2	2	2	2	2	2	2	2	2	2	2	2	2	2	2	2	2	3	1	2	2	2	2	2	3	2	2	2	2	2	2	2	2	2	2	2	2	2	2	2	2	2	2	2	3	3	2	2	2	2	2	2	2	2	2	2	2	2	3	2	2	2
-99	-99	-99	-99	0	2	2	2	2	2	2	2	2	2	2	2	2	2	2	2	2	3	3	2	2	2	2	2	3	2	2	2	2	2	2	2	2	2	2	2	2	2	2	2	2	2	4	2	3	3	2	2	2	2	2	2	2	2	2	2	2	2	3	2	2	2
-99	-99	-99	-99	-99	0	2	2	2	2	2	2	2	2	2	2	2	2	2	2	2	3	3	2	2	2	2	2	3	2	2	2	2	2	2	2	2	2	2	2	2	2	2	2	2	2	4	2	3	3	2	2	2	2	2	2	2	2	2	2	2	2	3	2	2	2
-99	-99	-99	-99	-99	-99	0	2	2	2	2	2	2	2	2	2	2	2	2	2	2	3	3	2	2	2	2	2	3	2	2	2	2	2	2	2	2	2	2	2	2	2	2	2	2	2	4	2	3	3	2	2	2	2	2	2	2	2	2	2	2	2	3	2	2	2
-99	-99	-99	-99	-99	-99	-99	0	2	2	2	2	2	2	2	2	2	2	2	2	2	3	3	2	2	2	2	2	3	2	2	2	2	2	2	2	2	2	2	2	2	2	2	2	2	2	4	2	3	3	2	2	2	2	2	2	2	2	2	2	2	2	3	2	2	2
-99	-99	-99	-99	-99	-99	-99	-99	0	2	2	2	2	2	2	2	2	2	2	2	2	3	3	2	2	2	2	2	3	2	2	2	2	2	2	2	2	2	2	2	2	2	2	2	2	2	4	2	3	3	2	2	2	2	2	2	2	2	2	2	2	2	3	2	2	2
-99	-99	-99	-99	-99	-99	-99	-99	-99	0	2	2	2	2	2	2	2	2	2	2	2	3	3	2	2	2	2	2	3	2	2	2	2	2	2	2	2	2	2	2	2	2	2	2	2	2	4	2	3	3	2	2	2	2	2	2	2	2	2	2	2	2	3	2	2	2
-99	-99	-99	-99	-99	-99	-99	-99	-99	-99	0	2	2	2	2	2	2	2	2	2	2	3	3	2	2	2	2	2	3	2	2	2	2	2	2	2	2	2	2	2	2	2	2	2	2	2	4	2	3	3	2	2	2	2	2	2	2	2	2	2	2	2	3	2	2	2
-99	-99	-99	-99	-99	-99	-99	-99	-99	-99	-99	0	2	2	2	2	2	2	2	2	2	3	3	2	2	2	2	2	3	2	2	2	2	2	2	2	2	2	2	2	2	2	2	2	2	2	4	2	3	3	2	2	2	2	2	2	2	2	2	2	2	2	3	2	2	2
-99	-99	-99	-99	-99	-99	-99	-99	-99	-99	-99	-99	0	2	2	2	2	2	2	2	2	3	3	2	2	2	2	2	3	2	2	2	2	2	2	2	2	2	2	2	2	2	2	2	2	2	4	2	3	3	2	2	2	2	2	2	2	2	2	2	2	2	3	2	2	2
-99	-99	-99	-99	-99	-99	-99	-99	-99	-99	-99	-99	-99	0	2	2	2	2	2	2	2	1	3	2	2	2	2	2	3	2	2	2	2	2	2	2	2	2	2	2	2	2	2	2	2	2	4	2	3	3	2	2	2	2	2	2	2	2	2	2	2	2	3	2	2	2
-99	-99	-99	-99	-99	-99	-99	-99	-99	-99	-99	-99	-99	-99	0	2	2	2	2	2	2	3	3	2	2	2	2	2	3	2	2	2	2	2	2	2	2	2	2	2	2	2	2	2	2	2	4	2	1	3	2	2	2	2	2	2	2	2	2	2	2	2	3	2	2	2
-99	-99	-99	-99	-99	-99	-99	-99	-99	-99	-99	-99	-99	-99	-99	0	2	2	2	2	2	3	3	2	2	2	2	2	3	2	2	2	2	2	2	2	2	2	2	2	2	2	2	2	2	2	4	2	3	1	2	2	2	2	2	2	2	2	2	2	2	2	3	2	2	2
-99	-99	-99	-99	-99	-99	-99	-99	-99	-99	-99	-99	-99	-99	-99	-99	0	2	2	2	2	3	3	2	2	2	2	2	3	2	2	2	2	2	2	2	2	2	2	2	2	2	2	2	2	2	4	2	3	3	2	2	2	2	2	2	2	2	2	2	2	2	3	2	2	2
-99	-99	-99	-99	-99	-99	-99	-99	-99	-99	-99	-99	-99	-99	-99	-99	-99	0	2	2	2	3	3	2	2	2	2	2	3	2	2	2	2	2	2	2	2	2	2	2	2	2	2	2	2	2	4	2	3	3	2	2	2	2	2	2	2	2	2	2	2	2	3	2	2	2
-99	-99	-99	-99	-99	-99	-99	-99	-99	-99	-99	-99	-99	-99	-99	-99	-99	-99	0	2	2	3	3	2	2	2	2	2	3	2	2	2	2	2	2	2	2	2	2	2	2	2	2	2	2	2	4	2	3	3	2	2	2	2	2	2	2	2	2	2	2	2	3	2	2	2
-99	-99	-99	-99	-99	-99	-99	-99	-99	-99	-99	-99	-99	-99	-99	-99	-99	-99	-99	0	2	3	3	2	2	2	2	2	3	2	2	2	2	2	2	2	2	2	2	2	2	2	2	2	2	2	4	2	3	3	2	2	2	2	2	2	2	2	2	2	2	2	3	2	2	2
-99	-99	-99	-99	-99	-99	-99	-99	-99	-99	-99	-99	-99	-99	-99	-99	-99	-99	-99	-99	0	3	3	2	2	2	2	2	3	2	2	2	2	2	2	2	2	2	2	2	2	2	2	2	2	2	4	2	3	3	2	2	2	2	2	2	2	2	2	2	2	2	3	2	2	2
-99	-99	-99	-99	-99	-99	-99	-99	-99	-99	-99	-99	-99	-99	-99	-99	-99	-99	-99	-99	-99	0	4	3	3	3	3	3	4	3	3	3	3	3	3	3	3	3	3	3	3	3	3	3	3	3	5	3	4	4	3	3	3	3	3	3	3	3	3	3	3	3	4	3	3	3
-99	-99	-99	-99	-99	-99	-99	-99	-99	-99	-99	-99	-99	-99	-99	-99	-99	-99	-99	-99	-99	-99	0	3	3	3	3	3	4	3	3	3	3	3	3	3	3	3	3	3	3	3	3	3	3	3	1	3	4	4	3	3	3	3	3	3	3	3	3	3	3	3	4	3	3	3
-99	-99	-99	-99	-99	-99	-99	-99	-99	-99	-99	-99	-99	-99	-99	-99	-99	-99	-99	-99	-99	-99	-99	0	2	2	2	2	3	2	2	2	2	2	2	2	2	2	2	2	2	2	2	2	2	2	4	2	3	3	2	2	2	2	2	2	2	2	2	2	2	2	3	2	2	2
-99	-99	-99	-99	-99	-99	-99	-99	-99	-99	-99	-99	-99	-99	-99	-99	-99	-99	-99	-99	-99	-99	-99	-99	0	2	2	2	3	2	2	2	2	2	2	2	2	2	2	2	2	2	2	2	2	2	4	2	3	3	2	2	2	2	2	2	2	2	2	2	2	2	3	2	2	2
-99	-99	-99	-99	-99	-99	-99	-99	-99	-99	-99	-99	-99	-99	-99	-99	-99	-99	-99	-99	-99	-99	-99	-99	-99	0	2	2	3	2	2	2	2	2	2	2	2	2	2	2	2	2	2	2	2	2	4	2	3	3	2	2	2	2	2	2	2	2	2	2	2	2	3	2	2	2
-99	-99	-99	-99	-99	-99	-99	-99	-99	-99	-99	-99	-99	-99	-99	-99	-99	-99	-99	-99	-99	-99	-99	-99	-99	-99	0	2	3	2	2	2	2	2	2	2	2	2	2	2	2	2	2	2	2	2	4	2	3	3	2	2	2	2	2	2	2	2	2	2	2	2	3	2	2	2
-99	-99	-99	-99	-99	-99	-99	-99	-99	-99	-99	-99	-99	-99	-99	-99	-99	-99	-99	-99	-99	-99	-99	-99	-99	-99	-99	0	3	2	2	2	2	2	2	2	2	2	2	2	2	2	2	2	2	2	4	2	3	3	2	2	2	2	2	2	2	2	2	2	2	2	3	2	2	2
-99	-99	-99	-99	-99	-99	-99	-99	-99	-99	-99	-99	-99	-99	-99	-99	-99	-99	-99	-99	-99	-99	-99	-99	-99	-99	-99	-99	0	3	3	3	3	3	3	3	3	3	3	3	3	3	3	3	3	3	5	3	4	4	3	3	3	3	3	3	3	3	3	3	3	3	4	3	3	3
-99	-99	-99	-99	-99	-99	-99	-99	-99	-99	-99	-99	-99	-99	-99	-99	-99	-99	-99	-99	-99	-99	-99	-99	-99	-99	-99	-99	-99	0	2	2	2	2	2	2	2	2	2	2	2	2	2	2	2	2	4	2	3	3	2	2	2	2	2	2	2	2	2	2	2	2	3	2	2	2
-99	-99	-99	-99	-99	-99	-99	-99	-99	-99	-99	-99	-99	-99	-99	-99	-99	-99	-99	-99	-99	-99	-99	-99	-99	-99	-99	-99	-99	-99	0	2	2	2	2	2	2	2	2	2	2	2	2	2	2	2	4	2	3	3	2	2	2	2	2	2	2	2	2	2	2	2	3	2	2	2
-99	-99	-99	-99	-99	-99	-99	-99	-99	-99	-99	-99	-99	-99	-99	-99	-99	-99	-99	-99	-99	-99	-99	-99	-99	-99	-99	-99	-99	-99	-99	0	2	2	2	2	2	2	2	2	2	2	2	2	2	2	4	2	3	3	2	2	2	2	2	2	2	2	2	2	2	2	3	2	2	2
-99	-99	-99	-99	-99	-99	-99	-99	-99	-99	-99	-99	-99	-99	-99	-99	-99	-99	-99	-99	-99	-99	-99	-99	-99	-99	-99	-99	-99	-99	-99	-99	0	2	2	2	2	2	2	2	2	2	2	2	2	2	4	2	3	3	2	2	2	2	2	2	2	2	2	2	2	2	3	2	2	2
-99	-99	-99	-99	-99	-99	-99	-99	-99	-99	-99	-99	-99	-99	-99	-99	-99	-99	-99	-99	-99	-99	-99	-99	-99	-99	-99	-99	-99	-99	-99	-99	-99	0	2	2	2	2	2	2	2	2	2	2	2	2	4	2	3	3	2	2	2	2	2	2	2	2	2	2	2	2	3	2	2	2
-99	-99	-99	-99	-99	-99	-99	-99	-99	-99	-99	-99	-99	-99	-99	-99	-99	-99	-99	-99	-99	-99	-99	-99	-99	-99	-99	-99	-99	-99	-99	-99	-99	-99	0	2	2	2	2	2	2	2	2	2	2	2	4	2	3	3	2	2	2	2	2	2	2	2	2	2	2	2	3	2	2	2
-99	-99	-99	-99	-99	-99	-99	-99	-99	-99	-99	-99	-99	-99	-99	-99	-99	-99	-99	-99	-99	-99	-99	-99	-99	-99	-99	-99	-99	-99	-99	-99	-99	-99	-99	0	2	2	2	2	2	2	2	2	2	2	4	2	3	3	2	2	2	2	2	2	2	2	2	2	2	2	3	2	2	2
-99	-99	-99	-99	-99	-99	-99	-99	-99	-99	-99	-99	-99	-99	-99	-99	-99	-99	-99	-99	-99	-99	-99	-99	-99	-99	-99	-99	-99	-99	-99	-99	-99	-99	-99	-99	0	2	2	2	2	2	2	2	2	2	4	2	3	3	2	2	2	2	2	2	2	2	2	2	2	2	3	2	2	2
-99	-99	-99	-99	-99	-99	-99	-99	-99	-99	-99	-99	-99	-99	-99	-99	-99	-99	-99	-99	-99	-99	-99	-99	-99	-99	-99	-99	-99	-99	-99	-99	-99	-99	-99	-99	-99	0	2	2	2	2	2	2	2	2	4	2	3	3	2	2	2	2	2	2	2	2	2	2	2	2	3	2	2	2
-99	-99	-99	-99	-99	-99	-99	-99	-99	-99	-99	-99	-99	-99	-99	-99	-99	-99	-99	-99	-99	-99	-99	-99	-99	-99	-99	-99	-99	-99	-99	-99	-99	-99	-99	-99	-99	-99	0	2	2	2	2	2	2	2	4	2	3	3	2	2	2	2	2	2	2	2	2	2	2	2	3	2	2	2
-99	-99	-99	-99	-99	-99	-99	-99	-99	-99	-99	-99	-99	-99	-99	-99	-99	-99	-99	-99	-99	-99	-99	-99	-99	-99	-99	-99	-99	-99	-99	-99	-99	-99	-99	-99	-99	-99	-99	0	2	2	2	2	2	2	4	2	3	3	2	2	2	2	2	2	2	2	2	2	2	2	3	2	2	2
-99	-99	-99	-99	-99	-99	-99	-99	-99	-99	-99	-99	-99	-99	-99	-99	-99	-99	-99	-99	-99	-99	-99	-99	-99	-99	-99	-99	-99	-99	-99	-99	-99	-99	-99	-99	-99	-99	-99	-99	0	2	2	2	2	2	4	2	3	3	2	2	2	2	2	2	2	2	2	2	2	2	3	2	2	2
-99	-99	-99	-99	-99	-99	-99	-99	-99	-99	-99	-99	-99	-99	-99	-99	-99	-99	-99	-99	-99	-99	-99	-99	-99	-99	-99	-99	-99	-99	-99	-99	-99	-99	-99	-99	-99	-99	-99	-99	-99	0	2	2	2	2	4	2	3	3	2	2	2	2	2	2	2	2	2	2	2	2	3	2	2	2
-99	-99	-99	-99	-99	-99	-99	-99	-99	-99	-99	-99	-99	-99	-99	-99	-99	-99	-99	-99	-99	-99	-99	-99	-99	-99	-99	-99	-99	-99	-99	-99	-99	-99	-99	-99	-99	-99	-99	-99	-99	-99	0	2	2	2	4	2	3	3	2	2	2	2	2	2	2	2	2	2	2	2	3	2	2	2
-99	-99	-99	-99	-99	-99	-99	-99	-99	-99	-99	-99	-99	-99	-99	-99	-99	-99	-99	-99	-99	-99	-99	-99	-99	-99	-99	-99	-99	-99	-99	-99	-99	-99	-99	-99	-99	-99	-99	-99	-99	-99	-99	0	2	2	4	2	3	3	2	2	2	2	2	2	2	2	2	2	2	2	3	2	2	2
-99	-99	-99	-99	-99	-99	-99	-99	-99	-99	-99	-99	-99	-99	-99	-99	-99	-99	-99	-99	-99	-99	-99	-99	-99	-99	-99	-99	-99	-99	-99	-99	-99	-99	-99	-99	-99	-99	-99	-99	-99	-99	-99	-99	0	2	4	2	3	3	2	2	2	2	2	2	2	2	2	2	2	2	3	2	2	2
-99	-99	-99	-99	-99	-99	-99	-99	-99	-99	-99	-99	-99	-99	-99	-99	-99	-99	-99	-99	-99	-99	-99	-99	-99	-99	-99	-99	-99	-99	-99	-99	-99	-99	-99	-99	-99	-99	-99	-99	-99	-99	-99	-99	-99	0	4	2	3	3	2	2	2	2	2	2	2	2	2	2	2	2	3	2	2	2
-99	-99	-99	-99	-99	-99	-99	-99	-99	-99	-99	-99	-99	-99	-99	-99	-99	-99	-99	-99	-99	-99	-99	-99	-99	-99	-99	-99	-99	-99	-99	-99	-99	-99	-99	-99	-99	-99	-99	-99	-99	-99	-99	-99	-99	-99	0	4	5	5	4	4	4	4	4	4	4	4	4	4	4	4	5	4	4	4
-99	-99	-99	-99	-99	-99	-99	-99	-99	-99	-99	-99	-99	-99	-99	-99	-99	-99	-99	-99	-99	-99	-99	-99	-99	-99	-99	-99	-99	-99	-99	-99	-99	-99	-99	-99	-99	-99	-99	-99	-99	-99	-99	-99	-99	-99	-99	0	3	3	2	2	2	2	2	2	2	2	2	2	2	2	3	2	2	2
-99	-99	-99	-99	-99	-99	-99	-99	-99	-99	-99	-99	-99	-99	-99	-99	-99	-99	-99	-99	-99	-99	-99	-99	-99	-99	-99	-99	-99	-99	-99	-99	-99	-99	-99	-99	-99	-99	-99	-99	-99	-99	-99	-99	-99	-99	-99	-99	0	4	3	3	3	3	3	3	3	3	3	3	3	3	4	3	3	3
-99	-99	-99	-99	-99	-99	-99	-99	-99	-99	-99	-99	-99	-99	-99	-99	-99	-99	-99	-99	-99	-99	-99	-99	-99	-99	-99	-99	-99	-99	-99	-99	-99	-99	-99	-99	-99	-99	-99	-99	-99	-99	-99	-99	-99	-99	-99	-99	-99	0	3	3	3	3	3	3	3	3	3	3	3	3	4	3	3	3
-99	-99	-99	-99	-99	-99	-99	-99	-99	-99	-99	-99	-99	-99	-99	-99	-99	-99	-99	-99	-99	-99	-99	-99	-99	-99	-99	-99	-99	-99	-99	-99	-99	-99	-99	-99	-99	-99	-99	-99	-99	-99	-99	-99	-99	-99	-99	-99	-99	-99	0	2	2	2	2	2	2	2	2	2	2	2	1	2	2	2
-99	-99	-99	-99	-99	-99	-99	-99	-99	-99	-99	-99	-99	-99	-99	-99	-99	-99	-99	-99	-99	-99	-99	-99	-99	-99	-99	-99	-99	-99	-99	-99	-99	-99	-99	-99	-99	-99	-99	-99	-99	-99	-99	-99	-99	-99	-99	-99	-99	-99	-99	0	2	2	2	2	2	2	2	2	2	2	3	2	2	2
-99	-99	-99	-99	-99	-99	-99	-99	-99	-99	-99	-99	-99	-99	-99	-99	-99	-99	-99	-99	-99	-99	-99	-99	-99	-99	-99	-99	-99	-99	-99	-99	-99	-99	-99	-99	-99	-99	-99	-99	-99	-99	-99	-99	-99	-99	-99	-99	-99	-99	-99	-99	0	2	2	2	2	2	2	2	2	2	3	2	2	2
-99	-99	-99	-99	-99	-99	-99	-99	-99	-99	-99	-99	-99	-99	-99	-99	-99	-99	-99	-99	-99	-99	-99	-99	-99	-99	-99	-99	-99	-99	-99	-99	-99	-99	-99	-99	-99	-99	-99	-99	-99	-99	-99	-99	-99	-99	-99	-99	-99	-99	-99	-99	-99	0	2	2	2	2	2	2	2	2	3	2	2	2
-99	-99	-99	-99	-99	-99	-99	-99	-99	-99	-99	-99	-99	-99	-99	-99	-99	-99	-99	-99	-99	-99	-99	-99	-99	-99	-99	-99	-99	-99	-99	-99	-99	-99	-99	-99	-99	-99	-99	-99	-99	-99	-99	-99	-99	-99	-99	-99	-99	-99	-99	-99	-99	-99	0	2	2	2	2	2	2	2	3	2	2	2
-99	-99	-99	-99	-99	-99	-99	-99	-99	-99	-99	-99	-99	-99	-99	-99	-99	-99	-99	-99	-99	-99	-99	-99	-99	-99	-99	-99	-99	-99	-99	-99	-99	-99	-99	-99	-99	-99	-99	-99	-99	-99	-99	-99	-99	-99	-99	-99	-99	-99	-99	-99	-99	-99	-99	0	2	2	2	2	2	2	3	2	2	2
-99	-99	-99	-99	-99	-99	-99	-99	-99	-99	-99	-99	-99	-99	-99	-99	-99	-99	-99	-99	-99	-99	-99	-99	-99	-99	-99	-99	-99	-99	-99	-99	-99	-99	-99	-99	-99	-99	-99	-99	-99	-99	-99	-99	-99	-99	-99	-99	-99	-99	-99	-99	-99	-99	-99	-99	0	2	2	2	2	2	3	2	2	2
-99	-99	-99	-99	-99	-99	-99	-99	-99	-99	-99	-99	-99	-99	-99	-99	-99	-99	-99	-99	-99	-99	-99	-99	-99	-99	-99	-99	-99	-99	-99	-99	-99	-99	-99	-99	-99	-99	-99	-99	-99	-99	-99	-99	-99	-99	-99	-99	-99	-99	-99	-99	-99	-99	-99	-99	-99	0	2	2	2	2	3	2	2	2
-99	-99	-99	-99	-99	-99	-99	-99	-99	-99	-99	-99	-99	-99	-99	-99	-99	-99	-99	-99	-99	-99	-99	-99	-99	-99	-99	-99	-99	-99	-99	-99	-99	-99	-99	-99	-99	-99	-99	-99	-99	-99	-99	-99	-99	-99	-99	-99	-99	-99	-99	-99	-99	-99	-99	-99	-99	-99	0	2	2	2	3	2	2	2
-99	-99	-99	-99	-99	-99	-99	-99	-99	-99	-99	-99	-99	-99	-99	-99	-99	-99	-99	-99	-99	-99	-99	-99	-99	-99	-99	-99	-99	-99	-99	-99	-99	-99	-99	-99	-99	-99	-99	-99	-99	-99	-99	-99	-99	-99	-99	-99	-99	-99	-99	-99	-99	-99	-99	-99	-99	-99	-99	0	2	2	3	2	2	2
-99	-99	-99	-99	-99	-99	-99	-99	-99	-99	-99	-99	-99	-99	-99	-99	-99	-99	-99	-99	-99	-99	-99	-99	-99	-99	-99	-99	-99	-99	-99	-99	-99	-99	-99	-99	-99	-99	-99	-99	-99	-99	-99	-99	-99	-99	-99	-99	-99	-99	-99	-99	-99	-99	-99	-99	-99	-99	-99	-99	0	2	3	2	2	2
-99	-99	-99	-99	-99	-99	-99	-99	-99	-99	-99	-99	-99	-99	-99	-99	-99	-99	-99	-99	-99	-99	-99	-99	-99	-99	-99	-99	-99	-99	-99	-99	-99	-99	-99	-99	-99	-99	-99	-99	-99	-99	-99	-99	-99	-99	-99	-99	-99	-99	-99	-99	-99	-99	-99	-99	-99	-99	-99	-99	-99	0	3	2	2	2
-99	-99	-99	-99	-99	-99	-99	-99	-99	-99	-99	-99	-99	-99	-99	-99	-99	-99	-99	-99	-99	-99	-99	-99	-99	-99	-99	-99	-99	-99	-99	-99	-99	-99	-99	-99	-99	-99	-99	-99	-99	-99	-99	-99	-99	-99	-99	-99	-99	-99	-99	-99	-99	-99	-99	-99	-99	-99	-99	-99	-99	-99	0	3	3	3
-99	-99	-99	-99	-99	-99	-99	-99	-99	-99	-99	-99	-99	-99	-99	-99	-99	-99	-99	-99	-99	-99	-99	-99	-99	-99	-99	-99	-99	-99	-99	-99	-99	-99	-99	-99	-99	-99	-99	-99	-99	-99	-99	-99	-99	-99	-99	-99	-99	-99	-99	-99	-99	-99	-99	-99	-99	-99	-99	-99	-99	-99	-99	0	2	2
-99	-99	-99	-99	-99	-99	-99	-99	-99	-99	-99	-99	-99	-99	-99	-99	-99	-99	-99	-99	-99	-99	-99	-99	-99	-99	-99	-99	-99	-99	-99	-99	-99	-99	-99	-99	-99	-99	-99	-99	-99	-99	-99	-99	-99	-99	-99	-99	-99	-99	-99	-99	-99	-99	-99	-99	-99	-99	-99	-99	-99	-99	-99	-99	0	2
-99	-99	-99	-99	-99	-99	-99	-99	-99	-99	-99	-99	-99	-99	-99	-99	-99	-99	-99	-99	-99	-99	-99	-99	-99	-99	-99	-99	-99	-99	-99	-99	-99	-99	-99	-99	-99	-99	-99	-99	-99	-99	-99	-99	-99	-99	-99	-99	-99	-99	-99	-99	-99	-99	-99	-99	-99	-99	-99	-99	-99	-99	-99	-99	-99	0
